1	1	1	15	25	28	40	59	88	109	150	165	191	206	244	253	259	272	279	296	311	334	340	344	361	365
1	2	4	34	90	298	315	367
1	3	6	8	318
1	4	13
1	5	14
1	6	18	47	155	276
1	7	21	83	131	146	316
1	8	24
1	9	26
1	10	27	39	87	108	149	164	205
1	11	30
1	12	32	170	306
1	13	33	135
1	14	35
1	15	37	77	118	245
1	16	38	104	106	117	133	320
1	17	42	65	99	111	152
1	18	43
1	19	50
1	20	52
1	21	55
1	22	62	71	353
1	23	63	66
1	24	68
1	25	72
1	26	75
1	27	78	241
1	28	79	258
1	29	85
1	30	86
1	31	91
1	32	96
1	33	97
1	34	100
1	35	103
1	36	107	321
1	37	113
1	38	115
1	39	116
1	40	119
1	41	120
1	42	122
1	43	123
1	44	124
1	45	126
1	46	129	357
1	47	132
1	48	136
1	49	137
1	50	138
1	51	140	302
1	52	141	322
1	53	144	158	194	325
1	54	145
1	55	160
1	56	161
1	57	162
1	58	163
1	59	167
1	60	168	171	199	223	330
1	61	169
1	62	172
1	63	22	173
1	64	174
1	65	176
1	66	177
1	67	180
1	68	181
1	69	182
1	70	183
1	71	185
1	72	189	291
1	73	195	203	326
1	74	196	327
1	75	198	329
1	76	200	224	331
1	77	201
1	78	204
1	79	210
1	80	211	374
1	81	212
1	82	216
1	83	217
1	84	221	381	408
1	85	225
1	86	226	289
1	87	231
1	88	232
1	89	235
1	90	236
1	91	237	332
1	92	238	250	333
1	93	242
1	94	243
1	95	246
1	96	248
1	97	254
1	98	257
1	99	262	283	337
1	100	269
1	101	273
1	102	275
1	103	277
1	104	284	338
1	105	285	339
1	106	286
1	107	288
1	108	294
1	109	299
1	110	301
1	111	303
1	112	304
1	113	307
1	114	308
1	115	309
1	116	313
1	117	342
1	118	343
1	119	345
1	120	347
1	121	351
1	122	352
1	123	355
1	124	356
1	125	360
1	126	364
1	127	368
1	128	369
1	129	370
1	130	371	379
1	131	372	380
1	132	373	377
1	133	375
1	134	378
1	135	384
1	136	385
1	137	386
1	138	387	414
1	139	390
1	140	394
1	141	396
1	142	399	413
1	143	400
1	144	402
1	145	404
1	146	412
2	147	1	19	112	137	139
2	148	2	113
2	149	4	10
2	150	5	11	60	78
2	151	6	12	27	61	105	109	115	117
2	152	7
2	153	17
2	154	20	25	37	42
2	155	24	41
2	156	26	43
2	157	30
2	158	31
2	159	34	47	56	69	75
2	160	35
2	161	45
2	162	46
2	163	49
2	164	51
2	165	59
2	86	64
2	166	70
2	167	79
2	29	82
2	168	92
2	169	95
2	170	98
2	171	100
2	115	103
2	172	107
2	173	108
2	174	114
2	175	119
2	176	120	124
2	56	121
2	177	123
2	130	125
2	131	126	130
2	178	127
2	179	128
2	142	129
2	180	131
2	181	136
2	182	142
2	183	143
3	147	1	19	112	137	139
3	148	2	113
3	149	4	10
3	150	5	11	60	78
3	151	6	12	27	61	105	109	115	117
3	152	7
3	153	17
3	154	20	25	37	42
3	155	24	41
3	156	26	43
3	157	30
3	158	31
3	159	34	47	56	69	75
3	160	35
3	161	45
3	162	46
3	163	49
3	164	51
3	165	59
3	86	64
3	166	70
3	167	79
3	29	82
3	168	92
3	169	95
3	170	98
3	171	100
3	115	103
3	172	107
3	173	108
3	174	114
3	175	119
3	176	120	124
3	56	121
3	177	123
3	130	125
3	131	126	130
3	178	127
3	179	128
3	142	129
3	180	131
3	181	136
3	182	142
3	183	143
4	160	1	207
4	184	2	17	356	360	368
4	185	3
4	186	5
4	187	8	14	72	541	551	582	590	601
4	157	9
4	188	10
4	189	11
4	190	12
4	191	13
4	192	15
4	193	16
4	154	18
4	194	20
4	117	21	80
4	195	23
4	156	24
4	196	25
4	197	26
4	8	27	52	99	132	225	384
4	2	28	33	59	197	482
4	109	29	34	50	60
4	10	31	36	38	53	89	104	118	133	143	150	171	180	226	233	242	254	272	278	298	323	342	348	389	405	409	424	461	469	483	505
4	1	32	37	39	54	65	90	105	119	134	144	151	172	181	198	227	234	243	255	273	279	299	324	343	349	390	406	410	425	462	470	484	506	517	527
4	54	41
4	103	43
4	198	47	473
4	199	49	285
4	200	56
4	201	61
4	202	63
4	203	68	464	494	532
4	204	70
4	205	74	281	576
4	206	75	579
4	207	78
4	208	83
4	209	86
4	210	87
4	211	88
4	6	92	146
4	53	95	163	536
4	7	96
4	212	101
4	213	102
4	214	106
4	215	108
4	67	113	125	167	174	274	280	301	306	355	457	507	528	575
4	216	114	430
4	60	116	121	130	153	276	283	339	533
4	61	117	534
4	12	120	168
4	62	122	154
4	68	126	137	508	529
4	70	128
4	65	131
4	217	138
4	218	139	418
4	71	142
4	99	149	157	206	220
4	219	152
4	113	169	196
4	114	170	310
4	59	175	302
4	220	177	432
4	221	179	510
4	95	183	199	236	244	256	407	411	471	485
4	222	185	204
4	40	186
4	107	190
4	66	191
4	223	194
4	224	200
4	225	201	217
4	102	210	231
4	226	214
4	227	216
4	228	218
4	229	222
4	230	223
4	101	229
4	231	232
4	232	237	247	259	453
4	64	239	446
4	233	240	447
4	234	249	271
4	235	251	268
4	236	252
4	237	257	263
4	238	260
4	41	264
4	239	267
4	240	269
4	241	275
4	76	277	340
4	242	284
4	243	288
4	244	289
4	39	291	392	518
4	245	293	396	530
4	246	294	531
4	247	296
4	248	303	321
4	249	304
4	38	308	367
4	250	311
4	251	313
4	112	315
4	252	322
4	79	329
4	80	330
4	83	331	422
4	170	333
4	253	336
4	85	337
4	254	341
4	26	345
4	16	347	353	354	385
4	255	351
4	256	361	369
4	257	364
4	258	365
4	259	371
4	50	374	404
4	260	375
4	51	382	398
4	37	386
4	94	387
4	261	400
4	151	402
4	262	408	412	442
4	263	419
4	264	420
4	73	429
4	265	434	571
4	266	435
4	267	438
4	268	439
4	269	440
4	270	441
4	271	451
4	272	459
4	273	460
4	274	466	475	490
4	92	468	477	492
4	275	480
4	276	489
4	277	495
4	278	496	503
4	279	497	501
4	280	498	525
4	281	499	515	520
4	13	512
4	282	513
4	283	521
4	284	522
4	48	537
4	285	538
4	286	539
4	287	542	552
4	288	543	553
4	289	549	559
4	290	560
4	291	561
4	292	562
4	293	563
4	294	564	566
4	295	568
4	296	572
4	297	573
4	180	580
4	56	584
4	177	586	605
4	130	587
4	131	588
4	133	589
4	298	591
4	299	592
4	300	593
4	301	594
4	302	595	608
4	303	596	609
4	182	599
4	183	600
4	304	604
4	305	606
5	160	1	207
5	184	2	17	356	360	368
5	185	3
5	186	5
5	187	8	14	72	541	551	582	590	601
5	157	9
5	188	10
5	189	11
5	190	12
5	191	13
5	192	15
5	193	16
5	154	18
5	194	20
5	117	21	80
5	195	23
5	156	24
5	196	25
5	197	26
5	8	27	52	99	132	225	384
5	2	28	33	59	197	482
5	109	29	34	50	60
5	10	31	36	38	53	89	104	118	133	143	150	171	180	226	233	242	254	272	278	298	323	342	348	389	405	409	424	461	469	483	505
5	1	32	37	39	54	65	90	105	119	134	144	151	172	181	198	227	234	243	255	273	279	299	324	343	349	390	406	410	425	462	470	484	506	517	527
5	54	41
5	103	43
5	198	47	473
5	199	49	285
5	200	56
5	201	61
5	202	63
5	203	68	464	494	532
5	204	70
5	205	74	281	576
5	206	75	579
5	207	78
5	208	83
5	209	86
5	210	87
5	211	88
5	6	92	146
5	53	95	163	536
5	7	96
5	212	101
5	213	102
5	214	106
5	215	108
5	67	113	125	167	174	274	280	301	306	355	457	507	528	575
5	216	114	430
5	60	116	121	130	153	276	283	339	533
5	61	117	534
5	12	120	168
5	62	122	154
5	68	126	137	508	529
5	70	128
5	65	131
5	217	138
5	218	139	418
5	71	142
5	99	149	157	206	220
5	219	152
5	113	169	196
5	114	170	310
5	59	175	302
5	220	177	432
5	221	179	510
5	95	183	199	236	244	256	407	411	471	485
5	222	185	204
5	40	186
5	107	190
5	66	191
5	223	194
5	224	200
5	225	201	217
5	102	210	231
5	226	214
5	227	216
5	228	218
5	229	222
5	230	223
5	101	229
5	231	232
5	232	237	247	259	453
5	64	239	446
5	233	240	447
5	234	249	271
5	235	251	268
5	236	252
5	237	257	263
5	238	260
5	41	264
5	239	267
5	240	269
5	241	275
5	76	277	340
5	242	284
5	243	288
5	244	289
5	39	291	392	518
5	245	293	396	530
5	246	294	531
5	247	296
5	248	303	321
5	249	304
5	38	308	367
5	250	311
5	251	313
5	112	315
5	252	322
5	79	329
5	80	330
5	83	331	422
5	170	333
5	253	336
5	85	337
5	254	341
5	26	345
5	16	347	353	354	385
5	255	351
5	256	361	369
5	257	364
5	258	365
5	259	371
5	50	374	404
5	260	375
5	51	382	398
5	37	386
5	94	387
5	261	400
5	151	402
5	262	408	412	442
5	263	419
5	264	420
5	73	429
5	265	434	571
5	266	435
5	267	438
5	268	439
5	269	440
5	270	441
5	271	451
5	272	459
5	273	460
5	274	466	475	490
5	92	468	477	492
5	275	480
5	276	489
5	277	495
5	278	496	503
5	279	497	501
5	280	498	525
5	281	499	515	520
5	13	512
5	282	513
5	283	521
5	284	522
5	48	537
5	285	538
5	286	539
5	287	542	552
5	288	543	553
5	289	549	559
5	290	560
5	291	561
5	292	562
5	293	563
5	294	564	566
5	295	568
5	296	572
5	297	573
5	180	580
5	56	584
5	177	586	605
5	130	587
5	131	588
5	133	589
5	298	591
5	299	592
5	300	593
5	301	594
5	302	595	608
5	303	596	609
5	182	599
5	183	600
5	304	604
5	305	606
6	306	3	145	283
6	307	6
6	308	7	197
6	309	8
6	133	9	11
6	310	10
6	180	12
6	311	13	41	80	105
6	312	14	51
6	313	16	59
6	314	17	63
6	315	18	68
6	316	20	62
6	317	22	50	129
6	318	23
6	163	25	187	196	216	235	248	252
6	319	26
6	320	28
6	74	29	33	136	143	281
6	321	30
6	177	34
6	322	35
6	323	37
6	324	42	81
6	325	43
6	326	44
6	327	47
6	328	48
6	329	54	108
6	330	67
6	331	74
6	332	77
6	143	83
6	333	85
6	334	87
6	335	88
6	336	89	102
6	337	93
6	338	95
6	339	97
6	340	99
6	341	101	123
6	164	109
6	302	112
6	342	113
6	343	116
6	344	119
6	345	121
6	346	125
6	347	127
6	348	128
6	349	131
6	286	132	155	169
6	350	133	275
6	351	135	141	279
6	352	137
6	276	138
6	353	139
6	354	142	280
6	355	144	282
6	356	146
6	357	147
6	174	149
6	358	151
6	359	153
6	360	157
6	361	159	177	190	209
6	362	163	207	227
6	363	166
6	364	173	203
6	365	175	183	205
6	366	184
6	367	188	295
6	368	202
6	134	212	264
6	299	214
6	369	217	249
6	370	219
6	184	222
6	371	223
6	372	225
6	373	232
6	374	234
6	375	239
6	376	240
6	377	245
6	378	257
6	142	258
6	379	263
6	380	265
6	101	266
6	381	267
6	382	271
6	383	272
6	300	273
6	384	274
6	385	277
6	386	284
6	387	287
6	388	288
6	136	290	296
6	389	291
6	390	297
7	306	3	145	283
7	307	6
7	308	7	197
7	309	8
7	133	9	11
7	310	10
7	180	12
7	311	13	41	80	105
7	312	14	51
7	313	16	59
7	314	17	63
7	315	18	68
7	316	20	62
7	317	22	50	129
7	318	23
7	163	25	187	196	216	235	248	252
7	319	26
7	320	28
7	74	29	33	136	143	281
7	321	30
7	177	34
7	322	35
7	323	37
7	324	42	81
7	325	43
7	326	44
7	327	47
7	328	48
7	329	54	108
7	330	67
7	331	74
7	332	77
7	143	83
7	333	85
7	334	87
7	335	88
7	336	89	102
7	337	93
7	338	95
7	339	97
7	340	99
7	341	101	123
7	164	109
7	302	112
7	342	113
7	343	116
7	344	119
7	345	121
7	346	125
7	347	127
7	348	128
7	349	131
7	286	132	155	169
7	350	133	275
7	351	135	141	279
7	352	137
7	276	138
7	353	139
7	354	142	280
7	355	144	282
7	356	146
7	357	147
7	174	149
7	358	151
7	359	153
7	360	157
7	361	159	177	190	209
7	362	163	207	227
7	363	166
7	364	173	203
7	365	175	183	205
7	366	184
7	367	188	295
7	368	202
7	134	212	264
7	299	214
7	369	217	249
7	370	219
7	184	222
7	371	223
7	372	225
7	373	232
7	374	234
7	375	239
7	376	240
7	377	245
7	378	257
7	142	258
7	379	263
7	380	265
7	101	266
7	381	267
7	382	271
7	383	272
7	300	273
7	384	274
7	385	277
7	386	284
7	387	287
7	388	288
7	136	290	296
7	389	291
7	390	297
8	133	3	1995	2272
8	309	4	370	2273
8	380	5	2274
8	195	6	2261	2289
8	166	7
8	246	9	45	757	1718	1738	1776	1787	1800	1814	1836	1851	1853	1855	1863	1871	1910	1931	1981	2003	2010	2038	2049	2062	2076	2098	2113	2115	2117	2125	2133	2172	2210	2244	2252	2269
8	391	10	1877	2139	2275
8	392	11	1906	2168	2276
8	393	12	1092	1754	2016	2277
8	394	14	1756	2018	2279
8	342	15	1341	1782	2044	2280
8	74	18	1731	1796	1829	1846	2058	2091	2108	2283
8	395	19	21	39	1806	1807	2068	2069	2284
8	2	23	29	42	489	785	1261	1279	1544	1566	1595	1616	1660	1726	1765	1768	1772	1792	1824	1864	1915	2027	2030	2034	2054	2086	2126	2177
8	109	24	30	154	507	781	1262	1280	1545	1567	1596	1617	1661
8	10	26	32	61	388	531	690	714	716	1106	1264	1290	1316	1468	1514	1522	1547	1555	1574	1598	1619	1663	1670
8	1	27	33	47	62	84	142	162	210	252	255	299	306	334	389	459	498	532	555	577	606	666	691	693	698	715	717	779	790	809	847	867	873	880	931	958	1001	1008	1036	1108	1132	1265	1291	1296	1319	1337	1356	1372	1384	1396	1413	1425	1470	1498	1515	1548	1552	1556	1572	1575	1585	1599	1620	1664	1671
8	396	35	53	1167
8	397	36	54	1168
8	398	37	1268	1367	1501	1533
8	19	38	1711
8	94	40	58	75	105	120	202	765	1095	1177	1590	1724	1766	1790	1820	1822	1860	1878	1913	2028	2052	2082	2084	2122	2140	2175
8	117	41	450	524	1725	1767	1791	1821	1823	1861	1914	2029	2053	2083	2085	2123	2176
8	399	44	125	186	380	501	643	1017	1049	1070	1120	1139	1577
8	400	50	782
8	363	55	1164	1171
8	401	59	1178
8	8	60	98	503	1088	1125	1399	1464	1582
8	402	63
8	403	66
8	404	69
8	6	71	622	1200	1404	1432
8	405	76
8	86	78
8	406	82	412
8	407	86	556
8	408	88
8	409	89
8	149	90	396	402	616	920	1043
8	410	91	1267	1366	1500	1532
8	411	93	180	319	363	1347
8	412	94	696
8	413	99
8	414	104
8	415	108
8	416	112
8	417	114
8	418	116
8	419	117	713
8	420	119	1466
8	421	122	212
8	422	126
8	423	127
8	424	128
8	425	129
8	120	133
8	24	135
8	426	138
8	427	139	1657
8	428	140	712
8	95	143	671	849	882	1564
8	429	145
8	53	147	243	259	294	353	407	440	758
8	199	148	1087	1154	1338	1467	1497
8	223	150	801	869	886
8	430	151	870
8	431	152	688
8	359	159
8	432	165
8	433	166	814
8	16	168	192	234	543	684	1624
8	434	171	280	819	884	928	945
8	59	173	338	392	427
8	435	175
8	436	176
8	71	178	287
8	258	179
8	257	182	262	281	308	548
8	437	183
8	438	187	709
8	245	190	1744	1745	1777	1778	1804	1805	1842	1843	1875	1876	1879	1892	1922	1923	1980	2002	2039	2040	2066	2067	2104	2105	2137	2138	2141	2154	2184	2185	2251
8	439	193	329	601	820	1061
8	440	194	218	304	332
8	39	197	241
8	222	198	824	841	1348	1392
8	41	199	236	247	457	604	929	1351	1433
8	27	201
8	441	205	238	1116
8	442	206	239	1117
8	20	208	1234
8	443	215
8	37	216	1984
8	72	221	444	493	1275	1741	1839	1872	2101	2134
8	444	224	453
8	445	226
8	446	227
8	447	228	1060
8	448	229
8	449	231
8	450	235
8	48	244	260	276	354	408	759	764
8	238	249
8	451	250
8	67	256	1183
8	68	258
8	452	264	310	550
8	453	265	311	551	649	678	1455
8	454	267
8	455	269
8	456	270	351	405
8	457	273	1979
8	458	275
8	459	279
8	460	283
8	461	285
8	462	288
8	219	289	541
8	220	291	340	350	404
8	463	295	441
8	221	297	443
8	464	302
8	465	307	335
8	466	321	342
8	60	323	344	393	425	462	648	677	1712	1757	1783	1808	1847	1907	2019	2045	2070	2109	2169	2196	2198
8	467	324
8	468	325	337
8	260	328	1370	1428	1440
8	469	330
8	203	343	610	766	770	1588	1612
8	61	345	394
8	470	349	813	818	843	997	1082
8	471	362
8	472	365
8	473	366
8	474	369
8	475	373
8	476	375
8	113	377
8	477	378
8	7	379	516	642
8	478	383	1322	1359	1649	1673
8	212	385	850
8	236	386	578
8	479	390
8	64	398
8	480	399
8	481	410
8	482	414
8	483	415	422	471
8	484	419	1029	1654
8	485	423	460
8	486	429
8	65	431	433	468
8	487	432
8	488	434
8	489	436
8	490	437
8	491	445	464
8	492	448
8	493	455
8	494	456	492
8	495	469
8	208	473	1245
8	275	474
8	496	476
8	497	479
8	498	480	742
8	17	482	602	607	635	1146	1457	1521	1562	1579	1627
8	499	485	907
8	12	487
8	13	488	625
8	500	494
8	501	495
8	502	505
8	5	512
8	367	517	1157	1692
8	503	520	536
8	504	521
8	57	523
8	181	525	591	672	725	1449
8	505	527
8	235	529
8	506	535
8	122	537	1181	1192	1760	1949	2022	2207	2242
8	507	542
8	508	544
8	509	545
8	510	547
8	511	559
8	78	560
8	512	564	1443	1633
8	513	566	1645
8	514	569	856	1402
8	207	573	1589	1613	1646
8	515	576	1016	1031
8	76	580	726	741	768	1441	1635	1713	1758	1784	1809	1848	1908	2020	2046	2071	2110	2170	2199
8	204	582	586	592	600	613	632	661	1452
8	516	596
8	15	599	948	1431
8	517	603	608	636	1458
8	518	612	631
8	519	617
8	520	626
8	521	633
8	522	638
8	523	639
8	524	641
8	525	647	676	752	1074
8	254	650	679	1012	1020	1052	1076
8	526	653	800	1967
8	527	656
8	528	660
8	529	663
8	530	664
8	531	665	697	1295	1569	1651	1675
8	532	673
8	533	687	1391
8	11	694
8	534	720
8	535	729
8	536	731
8	537	735
8	538	738
8	539	740
8	540	749	2237
8	541	751
8	542	754
8	543	756	1072	1963
8	51	760	1346
8	544	762
8	545	771
8	546	772
8	547	773
8	548	777
8	549	794
8	550	797
8	66	798	865	888
8	551	805
8	552	807
8	553	812
8	262	821	828	879
8	554	823
8	555	825
8	232	827	830	853	1444
8	556	835
8	557	836	1721	1761	1817	1857	1982	2023	2079	2119
8	558	837
8	559	838
8	560	842
8	561	845
8	562	846
8	563	848	1576	1739	1801	1837	2063	2099
8	213	851
8	564	859
8	565	861
8	566	862
8	567	863
8	568	871	949	986
8	9	876
8	569	877
8	570	887
8	571	891	913
8	572	893
8	229	895	915
8	573	897	912	1155
8	230	898
8	574	900
8	340	902
8	575	904
8	576	906
8	577	909
8	578	910
8	99	918	952	977	1011	1075
8	579	922
8	226	924
8	227	926
8	580	933	953
8	581	936
8	582	937
8	583	938
8	83	46	940
8	584	941	1226
8	585	942
8	586	944
8	587	956
8	588	960
8	589	963
8	590	964
8	323	967
8	591	969
8	592	973
8	132	974
8	593	979
8	594	981
8	595	982
8	596	984
8	102	987
8	597	989
8	598	991
8	599	996
8	101	1000
8	600	1002
8	601	1005
8	602	1010
8	603	1014	1019	1051	1062	1078
8	604	1015	1030	1779	2041
8	216	1018	1050
8	605	1022	1369	1535
8	606	1024
8	607	1032
8	608	1033
8	609	1034
8	610	1042
8	611	1044
8	612	1046	1059
8	613	1048
8	349	1055
8	614	1056
8	615	1063
8	616	1064
8	617	1066
8	618	1067
8	619	1069
8	620	1085
8	621	1096	1592
8	89	1100
8	622	1101	1897	2159
8	623	1104
8	624	1107	1127	1354
8	625	1112
8	626	1115
8	131	1122
8	627	1130
8	628	1131	1147	1312
8	115	1140	1241
8	629	1142	1305
8	630	1143	1306
8	631	1150	1186	1201	2288
8	26	1152
8	632	1156
8	633	1159
8	164	1160	1253
8	634	1162
8	635	1166
8	636	1174
8	637	1189
8	638	1191
8	294	1195	1199
8	639	1196	1235
8	640	1202
8	641	1203	1554
8	50	1208
8	642	1214
8	643	1217
8	644	1218
8	645	1219	1224	1232	1239
8	646	1221
8	647	1222
8	648	1223
8	649	1227
8	650	1229
8	651	1231
8	652	1237
8	653	1238
8	654	1246	1476
8	655	1247	1480
8	656	1248
8	129	1249
8	285	1250	1252
8	657	1251
8	288	1254
8	319	1255
8	142	1256	2268
8	658	1257
8	659	1258
8	660	1266
8	661	1272
8	338	1273
8	662	1277
8	663	1282
8	664	1286	1300
8	665	1297	1509
8	666	1303
8	384	587	1307
8	22	1311	1436
8	667	1314
8	63	1321
8	668	1324
8	669	1325
8	670	1327	1717	1786	1813	1852	2048	2075	2114
8	671	1329
8	672	1331
8	673	1332
8	286	1335	1710
8	674	1344
8	675	1355
8	676	1362
8	677	1364
8	678	1365
8	679	1373
8	680	1375	1419
8	23	1378	1437	1880	2142
8	681	1380	1421
8	682	1383
8	683	1385
8	684	1393
8	685	1422
8	686	1424
8	687	1427
8	688	1429
8	689	1439
8	690	1442	2191
8	691	1446
8	692	1456
8	693	1465
8	694	1469
8	695	1475	1983
8	390	1478	1694	2293
8	696	1479
8	697	1481
8	698	1482
8	699	1484
8	700	1491
8	701	1499
8	253	1508
8	702	1511
8	703	1512
8	704	1513
8	705	1516	1941
8	706	1517
8	707	1519
8	708	1520
8	709	1525
8	710	1526
8	711	1528
8	712	1530
8	713	1531
8	714	1539
8	715	1540
8	716	1542
8	717	1550
8	718	1559
8	33	1560	1580
8	34	1563	1628
8	719	1571
8	720	1581
8	721	1583
8	722	1584
8	723	1602
8	724	1603
8	377	1606
8	209	1608
8	725	1610
8	726	1614	1638
8	727	1640
8	728	1641
8	729	1642
8	730	1658
8	3	1666
8	731	1667
8	732	1676
8	733	1677
8	318	1678
8	388	1680	1685
8	386	1681
8	387	1684
8	136	1687	1693
8	389	1688	1704
8	734	1695
8	735	1696
8	736	1697
8	737	1700
8	163	1701	1751
8	738	1705	1753	2258	2263
8	739	1708
8	180	1709	1748
8	241	1714	1759	1785	1810	1909	2021	2047	2072	2171	2200
8	740	1715	1811	2073
8	741	1716	1740	1812	1838	2074	2100
8	742	1719	1815	1911	2077	2173
8	743	1720	1816	2078
8	744	1722	1762	1818	1858	2024	2080	2120
8	745	1723	1763	1789	1819	1859	1912	2025	2051	2081	2121	2174	2214
8	746	1727	1825	1916	2087	2178
8	747	1728	1793	1826	2055	2088
8	248	1729	1769	1794	1827	1865	1917	1956	1957	1966	2031	2056	2089	2127	2179	2222	2223	2225	2240
8	748	1730	1770	1795	1828	1866	1918	2032	2057	2090	2128	2180	2224
8	749	1732	1736	1797	1830	1834	1869	2059	2092	2096	2131
8	750	1735	1798	1833	2060	2095
8	751	1737	1775	1799	1835	1870	2037	2061	2097	2132
8	105	1742	1802	1840	2064	2102
8	752	1743	1803	1841	1921	2065	2103	2183	2250
8	276	1746
8	753	1749
8	754	1750
8	755	1752
8	756	1764	2026
8	757	1771	2033
8	758	1773	2035
8	759	1774	2036
8	333	1781	2043
8	75	1788	1849	2050	2111
8	760	1850	2112
8	761	1854	2116
8	762	1856	2118
8	763	1862	2124
8	190	1868	2130
8	764	1873	2135
8	765	1874	2136
8	766	1881	2143
8	767	1882	2144
8	768	1883	2145
8	769	1884	2146
8	770	1885	2147
8	44	1886	2148
8	771	1887	2149
8	772	1888	2150
8	773	1889	2151
8	43	1890	2152
8	290	1891	2153
8	774	1893	2155
8	775	1894	2156
8	776	1895	2157
8	777	1896	2158
8	778	1898	2160
8	779	1899	2161
8	780	1901	2163
8	781	1903	2165
8	782	1904	1942	2166
8	783	1905	2167
8	784	1919	2181
8	785	1920	2182	2290
8	786	1924	2186
8	787	1925	2187
8	788	1927
8	789	1928
8	790	1932	2011
8	791	1933
8	38	1934	2228
8	176	1935
8	792	1938
8	793	1939
8	794	1944
8	795	1945
8	796	1946
8	797	1948
8	798	1951
8	799	1952
8	800	1960
8	801	1962
8	802	1965	2239
8	124	1968
8	803	1970
8	804	1972
8	805	1973	2253
8	806	1976
8	807	1977
8	808	1978
8	809	1985
8	810	1986
8	811	1988
8	812	1990
8	114	1994
8	813	1996
8	814	1997
8	261	1998
8	815	2000
8	816	2005
8	817	2007
8	214	2014
8	818	2015
8	819	2188
8	820	2189
8	821	2190
8	822	2192
8	823	2193
8	824	2194
8	825	2195
8	826	2197
8	827	2201
8	828	2202
8	829	2203
8	830	2204
8	831	2205
8	832	2206
8	833	2208
8	834	2209
8	835	2211
8	836	2212
8	837	2213
8	838	2215
8	839	2216
8	840	2217
8	184	2218
8	841	2219
8	842	2221
8	249	2226
8	843	2227
8	844	2229
8	845	2230
8	846	2231
8	847	2232
8	848	2233
8	849	2234
8	850	2235
8	851	2236
8	852	2238
8	853	2241
8	854	2243
8	855	2245
8	856	2246
8	857	2247
8	858	2248
8	859	2249
8	167	2254
8	29	2257
8	352	2262	2266
8	860	2285
8	73	2287
8	861	2291
8	862	2294
8	188	2296
9	133	3	1995	2272
9	309	4	370	2273
9	380	5	2274
9	195	6	2261	2289
9	166	7
9	246	9	45	757	1718	1738	1776	1787	1800	1814	1836	1851	1853	1855	1863	1871	1910	1931	1981	2003	2010	2038	2049	2062	2076	2098	2113	2115	2117	2125	2133	2172	2210	2244	2252	2269
9	391	10	1877	2139	2275
9	392	11	1906	2168	2276
9	393	12	1092	1754	2016	2277
9	394	14	1756	2018	2279
9	342	15	1341	1782	2044	2280
9	74	18	1731	1796	1829	1846	2058	2091	2108	2283
9	395	19	21	39	1806	1807	2068	2069	2284
9	2	23	29	42	489	785	1261	1279	1544	1566	1595	1616	1660	1726	1765	1768	1772	1792	1824	1864	1915	2027	2030	2034	2054	2086	2126	2177
9	109	24	30	154	507	781	1262	1280	1545	1567	1596	1617	1661
9	10	26	32	61	388	531	690	714	716	1106	1264	1290	1316	1468	1514	1522	1547	1555	1574	1598	1619	1663	1670
9	1	27	33	47	62	84	142	162	210	252	255	299	306	334	389	459	498	532	555	577	606	666	691	693	698	715	717	779	790	809	847	867	873	880	931	958	1001	1008	1036	1108	1132	1265	1291	1296	1319	1337	1356	1372	1384	1396	1413	1425	1470	1498	1515	1548	1552	1556	1572	1575	1585	1599	1620	1664	1671
9	396	35	53	1167
9	397	36	54	1168
9	398	37	1268	1367	1501	1533
9	19	38	1711
9	94	40	58	75	105	120	202	765	1095	1177	1590	1724	1766	1790	1820	1822	1860	1878	1913	2028	2052	2082	2084	2122	2140	2175
9	117	41	450	524	1725	1767	1791	1821	1823	1861	1914	2029	2053	2083	2085	2123	2176
9	399	44	125	186	380	501	643	1017	1049	1070	1120	1139	1577
9	400	50	782
9	363	55	1164	1171
9	401	59	1178
9	8	60	98	503	1088	1125	1399	1464	1582
9	402	63
9	403	66
9	404	69
9	6	71	622	1200	1404	1432
9	405	76
9	86	78
9	406	82	412
9	407	86	556
9	408	88
9	409	89
9	149	90	396	402	616	920	1043
9	410	91	1267	1366	1500	1532
9	411	93	180	319	363	1347
9	412	94	696
9	413	99
9	414	104
9	415	108
9	416	112
9	417	114
9	418	116
9	419	117	713
9	420	119	1466
9	421	122	212
9	422	126
9	423	127
9	424	128
9	425	129
9	120	133
9	24	135
9	426	138
9	427	139	1657
9	428	140	712
9	95	143	671	849	882	1564
9	429	145
9	53	147	243	259	294	353	407	440	758
9	199	148	1087	1154	1338	1467	1497
9	223	150	801	869	886
9	430	151	870
9	431	152	688
9	359	159
9	432	165
9	433	166	814
9	16	168	192	234	543	684	1624
9	434	171	280	819	884	928	945
9	59	173	338	392	427
9	435	175
9	436	176
9	71	178	287
9	258	179
9	257	182	262	281	308	548
9	437	183
9	438	187	709
9	245	190	1744	1745	1777	1778	1804	1805	1842	1843	1875	1876	1879	1892	1922	1923	1980	2002	2039	2040	2066	2067	2104	2105	2137	2138	2141	2154	2184	2185	2251
9	439	193	329	601	820	1061
9	440	194	218	304	332
9	39	197	241
9	222	198	824	841	1348	1392
9	41	199	236	247	457	604	929	1351	1433
9	27	201
9	441	205	238	1116
9	442	206	239	1117
9	20	208	1234
9	443	215
9	37	216	1984
9	72	221	444	493	1275	1741	1839	1872	2101	2134
9	444	224	453
9	445	226
9	446	227
9	447	228	1060
9	448	229
9	449	231
9	450	235
9	48	244	260	276	354	408	759	764
9	238	249
9	451	250
9	67	256	1183
9	68	258
9	452	264	310	550
9	453	265	311	551	649	678	1455
9	454	267
9	455	269
9	456	270	351	405
9	457	273	1979
9	458	275
9	459	279
9	460	283
9	461	285
9	462	288
9	219	289	541
9	220	291	340	350	404
9	463	295	441
9	221	297	443
9	464	302
9	465	307	335
9	466	321	342
9	60	323	344	393	425	462	648	677	1712	1757	1783	1808	1847	1907	2019	2045	2070	2109	2169	2196	2198
9	467	324
9	468	325	337
9	260	328	1370	1428	1440
9	469	330
9	203	343	610	766	770	1588	1612
9	61	345	394
9	470	349	813	818	843	997	1082
9	471	362
9	472	365
9	473	366
9	474	369
9	475	373
9	476	375
9	113	377
9	477	378
9	7	379	516	642
9	478	383	1322	1359	1649	1673
9	212	385	850
9	236	386	578
9	479	390
9	64	398
9	480	399
9	481	410
9	482	414
9	483	415	422	471
9	484	419	1029	1654
9	485	423	460
9	486	429
9	65	431	433	468
9	487	432
9	488	434
9	489	436
9	490	437
9	491	445	464
9	492	448
9	493	455
9	494	456	492
9	495	469
9	208	473	1245
9	275	474
9	496	476
9	497	479
9	498	480	742
9	17	482	602	607	635	1146	1457	1521	1562	1579	1627
9	499	485	907
9	12	487
9	13	488	625
9	500	494
9	501	495
9	502	505
9	5	512
9	367	517	1157	1692
9	503	520	536
9	504	521
9	57	523
9	181	525	591	672	725	1449
9	505	527
9	235	529
9	506	535
9	122	537	1181	1192	1760	1949	2022	2207	2242
9	507	542
9	508	544
9	509	545
9	510	547
9	511	559
9	78	560
9	512	564	1443	1633
9	513	566	1645
9	514	569	856	1402
9	207	573	1589	1613	1646
9	515	576	1016	1031
9	76	580	726	741	768	1441	1635	1713	1758	1784	1809	1848	1908	2020	2046	2071	2110	2170	2199
9	204	582	586	592	600	613	632	661	1452
9	516	596
9	15	599	948	1431
9	517	603	608	636	1458
9	518	612	631
9	519	617
9	520	626
9	521	633
9	522	638
9	523	639
9	524	641
9	525	647	676	752	1074
9	254	650	679	1012	1020	1052	1076
9	526	653	800	1967
9	527	656
9	528	660
9	529	663
9	530	664
9	531	665	697	1295	1569	1651	1675
9	532	673
9	533	687	1391
9	11	694
9	534	720
9	535	729
9	536	731
9	537	735
9	538	738
9	539	740
9	540	749	2237
9	541	751
9	542	754
9	543	756	1072	1963
9	51	760	1346
9	544	762
9	545	771
9	546	772
9	547	773
9	548	777
9	549	794
9	550	797
9	66	798	865	888
9	551	805
9	552	807
9	553	812
9	262	821	828	879
9	554	823
9	555	825
9	232	827	830	853	1444
9	556	835
9	557	836	1721	1761	1817	1857	1982	2023	2079	2119
9	558	837
9	559	838
9	560	842
9	561	845
9	562	846
9	563	848	1576	1739	1801	1837	2063	2099
9	213	851
9	564	859
9	565	861
9	566	862
9	567	863
9	568	871	949	986
9	9	876
9	569	877
9	570	887
9	571	891	913
9	572	893
9	229	895	915
9	573	897	912	1155
9	230	898
9	574	900
9	340	902
9	575	904
9	576	906
9	577	909
9	578	910
9	99	918	952	977	1011	1075
9	579	922
9	226	924
9	227	926
9	580	933	953
9	581	936
9	582	937
9	583	938
9	83	46	940
9	584	941	1226
9	585	942
9	586	944
9	587	956
9	588	960
9	589	963
9	590	964
9	323	967
9	591	969
9	592	973
9	132	974
9	593	979
9	594	981
9	595	982
9	596	984
9	102	987
9	597	989
9	598	991
9	599	996
9	101	1000
9	600	1002
9	601	1005
9	602	1010
9	603	1014	1019	1051	1062	1078
9	604	1015	1030	1779	2041
9	216	1018	1050
9	605	1022	1369	1535
9	606	1024
9	607	1032
9	608	1033
9	609	1034
9	610	1042
9	611	1044
9	612	1046	1059
9	613	1048
9	349	1055
9	614	1056
9	615	1063
9	616	1064
9	617	1066
9	618	1067
9	619	1069
9	620	1085
9	621	1096	1592
9	89	1100
9	622	1101	1897	2159
9	623	1104
9	624	1107	1127	1354
9	625	1112
9	626	1115
9	131	1122
9	627	1130
9	628	1131	1147	1312
9	115	1140	1241
9	629	1142	1305
9	630	1143	1306
9	631	1150	1186	1201	2288
9	26	1152
9	632	1156
9	633	1159
9	164	1160	1253
9	634	1162
9	635	1166
9	636	1174
9	637	1189
9	638	1191
9	294	1195	1199
9	639	1196	1235
9	640	1202
9	641	1203	1554
9	50	1208
9	642	1214
9	643	1217
9	644	1218
9	645	1219	1224	1232	1239
9	646	1221
9	647	1222
9	648	1223
9	649	1227
9	650	1229
9	651	1231
9	652	1237
9	653	1238
9	654	1246	1476
9	655	1247	1480
9	656	1248
9	129	1249
9	285	1250	1252
9	657	1251
9	288	1254
9	319	1255
9	142	1256	2268
9	658	1257
9	659	1258
9	660	1266
9	661	1272
9	338	1273
9	662	1277
9	663	1282
9	664	1286	1300
9	665	1297	1509
9	666	1303
9	384	587	1307
9	22	1311	1436
9	667	1314
9	63	1321
9	668	1324
9	669	1325
9	670	1327	1717	1786	1813	1852	2048	2075	2114
9	671	1329
9	672	1331
9	673	1332
9	286	1335	1710
9	674	1344
9	675	1355
9	676	1362
9	677	1364
9	678	1365
9	679	1373
9	680	1375	1419
9	23	1378	1437	1880	2142
9	681	1380	1421
9	682	1383
9	683	1385
9	684	1393
9	685	1422
9	686	1424
9	687	1427
9	688	1429
9	689	1439
9	690	1442	2191
9	691	1446
9	692	1456
9	693	1465
9	694	1469
9	695	1475	1983
9	390	1478	1694	2293
9	696	1479
9	697	1481
9	698	1482
9	699	1484
9	700	1491
9	701	1499
9	253	1508
9	702	1511
9	703	1512
9	704	1513
9	705	1516	1941
9	706	1517
9	707	1519
9	708	1520
9	709	1525
9	710	1526
9	711	1528
9	712	1530
9	713	1531
9	714	1539
9	715	1540
9	716	1542
9	717	1550
9	718	1559
9	33	1560	1580
9	34	1563	1628
9	719	1571
9	720	1581
9	721	1583
9	722	1584
9	723	1602
9	724	1603
9	377	1606
9	209	1608
9	725	1610
9	726	1614	1638
9	727	1640
9	728	1641
9	729	1642
9	730	1658
9	3	1666
9	731	1667
9	732	1676
9	733	1677
9	318	1678
9	388	1680	1685
9	386	1681
9	387	1684
9	136	1687	1693
9	389	1688	1704
9	734	1695
9	735	1696
9	736	1697
9	737	1700
9	163	1701	1751
9	738	1705	1753	2258	2263
9	739	1708
9	180	1709	1748
9	241	1714	1759	1785	1810	1909	2021	2047	2072	2171	2200
9	740	1715	1811	2073
9	741	1716	1740	1812	1838	2074	2100
9	742	1719	1815	1911	2077	2173
9	743	1720	1816	2078
9	744	1722	1762	1818	1858	2024	2080	2120
9	745	1723	1763	1789	1819	1859	1912	2025	2051	2081	2121	2174	2214
9	746	1727	1825	1916	2087	2178
9	747	1728	1793	1826	2055	2088
9	248	1729	1769	1794	1827	1865	1917	1956	1957	1966	2031	2056	2089	2127	2179	2222	2223	2225	2240
9	748	1730	1770	1795	1828	1866	1918	2032	2057	2090	2128	2180	2224
9	749	1732	1736	1797	1830	1834	1869	2059	2092	2096	2131
9	750	1735	1798	1833	2060	2095
9	751	1737	1775	1799	1835	1870	2037	2061	2097	2132
9	105	1742	1802	1840	2064	2102
9	752	1743	1803	1841	1921	2065	2103	2183	2250
9	276	1746
9	753	1749
9	754	1750
9	755	1752
9	756	1764	2026
9	757	1771	2033
9	758	1773	2035
9	759	1774	2036
9	333	1781	2043
9	75	1788	1849	2050	2111
9	760	1850	2112
9	761	1854	2116
9	762	1856	2118
9	763	1862	2124
9	190	1868	2130
9	764	1873	2135
9	765	1874	2136
9	766	1881	2143
9	767	1882	2144
9	768	1883	2145
9	769	1884	2146
9	770	1885	2147
9	44	1886	2148
9	771	1887	2149
9	772	1888	2150
9	773	1889	2151
9	43	1890	2152
9	290	1891	2153
9	774	1893	2155
9	775	1894	2156
9	776	1895	2157
9	777	1896	2158
9	778	1898	2160
9	779	1899	2161
9	780	1901	2163
9	781	1903	2165
9	782	1904	1942	2166
9	783	1905	2167
9	784	1919	2181
9	785	1920	2182	2290
9	786	1924	2186
9	787	1925	2187
9	788	1927
9	789	1928
9	790	1932	2011
9	791	1933
9	38	1934	2228
9	176	1935
9	792	1938
9	793	1939
9	794	1944
9	795	1945
9	796	1946
9	797	1948
9	798	1951
9	799	1952
9	800	1960
9	801	1962
9	802	1965	2239
9	124	1968
9	803	1970
9	804	1972
9	805	1973	2253
9	806	1976
9	807	1977
9	808	1978
9	809	1985
9	810	1986
9	811	1988
9	812	1990
9	114	1994
9	813	1996
9	814	1997
9	261	1998
9	815	2000
9	816	2005
9	817	2007
9	214	2014
9	818	2015
9	819	2188
9	820	2189
9	821	2190
9	822	2192
9	823	2193
9	824	2194
9	825	2195
9	826	2197
9	827	2201
9	828	2202
9	829	2203
9	830	2204
9	831	2205
9	832	2206
9	833	2208
9	834	2209
9	835	2211
9	836	2212
9	837	2213
9	838	2215
9	839	2216
9	840	2217
9	184	2218
9	841	2219
9	842	2221
9	249	2226
9	843	2227
9	844	2229
9	845	2230
9	846	2231
9	847	2232
9	848	2233
9	849	2234
9	850	2235
9	851	2236
9	852	2238
9	853	2241
9	854	2243
9	855	2245
9	856	2246
9	857	2247
9	858	2248
9	859	2249
9	167	2254
9	29	2257
9	352	2262	2266
9	860	2285
9	73	2287
9	861	2291
9	862	2294
9	188	2296
10	863	1	4
10	864	3
10	521	6
10	865	7	322	523	1824	1944	2103	2144	2342	2370	2448	2478
10	866	8	323	524	1825	1945	2104	2145	2343	2371	2449	2479
10	749	10	55
10	867	11	1168	1585
10	868	12	473	851	1145	1166	1203
10	869	13	532	1057	2372	2389	2397
10	870	14	2373	2390
10	871	15
10	872	16	1958	1967	2337
10	873	17
10	874	18
10	875	19
10	876	20
10	877	21
10	878	22
10	710	23	1863
10	879	24	270	355	405	1134	1266
10	182	26	58	2127	2208	2487	2630
10	880	27
10	738	28	2474
10	275	29	1570	2365	2451	2599
10	881	31	1953	1986	2168
10	882	32
10	883	33
10	884	34
10	74	35	1904
10	885	36
10	886	38
10	887	40
10	888	41
10	889	42
10	890	44	1876
10	891	47
10	892	48	2218	2232
10	893	49	2233
10	894	52
10	895	53
10	896	54
10	317	56	98	112	1248	1563	1865	1906	1931
10	526	57
10	897	59	178	211	254	277	359	437	612	670	1915	2044
10	898	60	2007	2415
10	190	61	1833	2008
10	311	63	80	101	247	328	492	547	726	878	933	981	1023	1037	1054	1086	1112	1666	1850	2010	2027
10	315	64	116	171	781	1074	1324	1852	2011
10	313	65	85	96	118	226	285	754	762	770	1413	1854	2012	2032
10	899	66	2013
10	900	70	135	197	2017
10	901	71	2018
10	902	74	161	215	573	673	1068	1191	2021
10	394	75	2022
10	564	76	235	426	2023
10	903	79	294	2026	2122
10	904	87	1820	2033
10	905	88	1822	2034
10	906	89
10	907	90
10	605	91
10	908	92
10	344	93	129	472	584	818	848	1165	1202	1216	1553	1928
10	909	99
10	910	100
10	911	102	937	1916	2146
10	115	103	275	711
10	912	105
10	913	108	193	579	959
10	327	109	960	1303
10	914	110	194	580	1410
10	915	121	1391	1700
10	916	123
10	917	126	451	631
10	481	131
10	918	137
10	919	138	533
10	920	139	167	230	252	534
10	654	141
10	921	142
10	922	143
10	923	145
10	444	146
10	294	147
10	924	148
10	925	151
10	926	153
10	927	154	2468
10	642	155
10	928	157	205	1194
10	929	160	1826	2484
10	930	162
10	931	163
10	932	165
10	933	166
10	72	169
10	934	173
10	695	175	489
10	935	179	559	2532
10	936	183
10	937	184	510
10	938	185
10	939	188	685	694	938	1388	1697
10	940	190
10	941	195	581
10	208	201	654
10	942	203
10	943	206
10	944	207
10	101	208	1644	1655	1816	2163	2460
10	945	212	681
10	946	218
10	947	219
10	948	223	384	463
10	949	227	2187
10	950	231	924	2358
10	951	233
10	952	240
10	953	242	1828	2068	2105
10	954	244	264	290	433	971	1129	1596	1727
10	324	248	329	336	1024	1780	1857
10	955	249	879	894
10	956	250	880	895	2045
10	133	253	278	876	892	2456
10	363	255
10	957	257	696	728	792
10	488	259
10	54	266
10	958	267
10	587	289	721	1128
10	817	292	871	1139
10	200	297	1204
10	423	300	417	424	469	844	1278	1285	1378	1540	1590	1631	2158
10	959	301	1156
10	289	302	1157
10	67	305	2139
10	960	306
10	454	309	794	826
10	961	313
10	333	314	343	801	1806
10	142	317	461	515	554	1947
10	962	318
10	288	320	2090	2633
10	963	324	1818
10	964	330	361
10	143	339	2265	2538
10	965	341	1634
10	966	342	956	1536
10	967	346
10	968	351	608
10	104	354
10	969	356
10	970	362
10	87	365	1000
10	971	368	1003
10	527	372	1007
10	972	375	946	1010
10	360	379	1014	1430
10	406	381	701	943	1016	1405	1491	1936	2242
10	973	388
10	5	390	1151	1251	1534	1686	1762	1767	1778
10	974	392	1253	1819	2496	2508	2529	2551
10	975	393	1254	1667	1717	1737	1781	1814	2137
10	976	395	1256
10	977	401	1262	1528	1775
10	978	404	1265	2586
10	384	406	1267	1783	1891	2254
10	979	409	1270
10	980	410	1271	1462
10	604	412	1273	2396
10	981	414	1275
10	331	415	846	1042	1065	1276	1298	1310	1325	1505	1546	1555
10	84	419	1280	2361
10	139	420	422	1281	1283
10	982	428
10	983	429
10	47	435
10	984	438	1425	1681
10	985	442	564	688	967	1399
10	986	446	1045	1402	1519	1684
10	987	447	1393	1470	1678
10	177	450	2471
10	988	453
10	989	454	1723
10	990	456
10	276	459	514	1837	2338
10	991	465
10	107	471	1164	1438	1490	1710
10	992	480	614	1374
10	30	481	508	991
10	377	483	2253
10	993	485	1047	1195	1317	1627	1742
10	164	493	1991
10	342	496
10	994	502
10	672	504	2160
10	371	516
10	995	519
10	996	520
10	997	522
10	292	528	854	1740
10	676	529	887
10	998	536
10	999	538
10	385	539
10	135	543
10	499	544	1072
10	1000	68	550	2015
10	1001	557
10	1002	560	865	908	1130	1397
10	1003	570
10	1004	571
10	7	574
10	1005	585	1217
10	1006	586	1218
10	1007	588	744	1220
10	1008	589	1221
10	1009	590	1222	1643
10	212	593	1230
10	1010	594	911	1231
10	1011	597	1234
10	1012	600	1237
10	1013	601	1238
10	1014	604	1241
10	1015	605	881	915	1428
10	1016	610
10	1017	617
10	1018	619	1729
10	1019	624	678
10	1020	633
10	359	640	2072
10	1021	642
10	1022	644
10	1023	648
10	1024	650	830
10	1025	652
10	376	659	748	2364
10	1026	662
10	390	665
10	1027	666
10	1028	669	1187
10	443	677	1223	1557	1798
10	1029	693	1386	1695
10	150	702
10	1030	705
10	1031	706	1969
10	1032	717	733	860	1796
10	1033	722
10	379	730	767	1369
10	1034	740	1081	1118	1515
10	338	742	867	910	1940
10	1035	747	873	2037
10	86	751	1511	2549
10	1036	753
10	1037	755
10	1038	758
10	1039	761
10	89	764
10	1040	768
10	1041	774
10	1042	777
10	1043	778
10	1044	779
10	1045	782
10	1046	785	2225
10	1047	791	1199
10	1048	800
10	1049	805	864	1030
10	1050	811
10	1051	817	828	1927
10	1052	823
10	1053	824
10	1054	833
10	1055	834	2631
10	1056	836
10	1057	837
10	1058	839
10	552	842
10	1059	849
10	1060	856	1551
10	1061	869
10	1062	884	989
10	1063	890	907
10	1064	272	900	1083	1329	1441	1617	1707	1790
10	1065	902	1844	1849	1949
10	1066	904	2569
10	1067	912
10	378	919	1985	2140
10	659	922	986	993	1025
10	1068	927
10	1069	929
10	1070	934
10	1071	935
10	166	948	1998	2492	2499	2510	2511	2528	2535	2561
10	679	951	1389	1698
10	1072	963
10	1073	974
10	614	977
10	1074	982
10	1075	985
10	1076	1033
10	1077	1034
10	372	1040	1208	1376	1499	1793
10	1078	1049
10	1079	1051
10	1080	1059
10	158	1062	2618
10	1081	1070
10	1082	1071	1206
10	1083	1075
10	214	1085	1436
10	403	1087
10	1084	1094
10	163	1097	1984	1988
10	1085	1100
10	1086	1103
10	470	1106
10	1087	1122
10	1088	1131
10	1089	1135
10	1090	1142
10	180	1146	2001	2367	2368	2472
10	1091	1148	1996	2003	2339
10	1092	1149
10	1093	1155
10	1094	1160
10	1095	1162
10	1096	1171
10	475	1173
10	674	1175	1965
10	1097	1179
10	1098	1182
10	1099	1185
10	1100	1188	1244
10	1101	1198	1712
10	1102	1200	1713
10	1103	1211
10	374	1224	1545
10	1104	1225	1612
10	1105	1226
10	1106	1245	1593
10	328	1246	1594
10	52	1289
10	1107	1292
10	1108	1304
10	1109	1311	1786
10	1110	1313
10	34	1314
10	83	1315	1601
10	1111	1319
10	1112	1326
10	1113	1331
10	519	1337
10	1114	1341
10	123	1343	2592
10	1115	1344	2375
10	1116	1349
10	98	1351
10	1117	1358
10	779	1360
10	410	1363	1787	1858
10	484	1367	1620	1632
10	1118	1371
10	1119	1372	1502
10	718	1382	1396	1650	1691	1703
10	1120	460	1383	1692	1812	1864	2057
10	1121	1385	1694
10	340	1403	1520	1576
10	803	1407
10	1122	1416
10	181	1420
10	1123	1423
10	543	1427
10	1124	1437
10	341	1440
10	439	1444	1451
10	1125	1446
10	1126	1448	1909
10	1127	1454
10	1128	1459
10	1129	1465
10	1130	1475
10	1131	1484
10	1132	1487
10	1133	1493
10	31	1494	2635
10	1134	1512	1539
10	661	1521
10	1135	1523	1745	1769
10	120	1525	1772
10	1136	1530
10	1137	1537
10	1138	1554
10	1139	1558	1724
10	709	1560
10	1140	1561
10	1141	1566
10	1142	1573
10	1143	1574
10	1144	1579
10	1145	1580	1665
10	1146	1581
10	1147	1584	2429
10	253	1588
10	1148	1589
10	1149	1591
10	1150	1592
10	788	1595	1921
10	1151	1604
10	1152	1609
10	192	1613
10	1153	1615
10	1154	1616
10	536	1622
10	1155	1624
10	1156	1625	1721
10	1157	1637
10	1158	1646
10	111	1647
10	1159	1648	1658
10	411	1649
10	1160	1651	2444
10	1161	1657
10	216	1664
10	1162	1670	2501	2514	2540	2545
10	1163	1671
10	1164	1672	1744	2236
10	1165	1677
10	1166	1680
10	160	1709
10	1167	1734
10	254	1748
10	1168	1750
10	1169	1754
10	1170	1755
10	1171	1758
10	1172	1760
10	343	1804
10	56	1805	2469
10	1173	1811
10	1174	1821
10	1175	1827	2570
10	386	1834
10	196	1840	1977
10	195	1841	2352	2476
10	1176	1842
10	764	1851
10	1177	1856
10	1178	1862
10	1179	1870
10	1180	1871
10	1181	1872
10	1182	1874
10	683	1880
10	1183	1883
10	1184	1886
10	1185	1897
10	408	1903
10	205	1908	2152
10	1186	1910
10	1187	1912
10	1188	1913
10	176	1917	2041
10	1189	1919	2412
10	1190	1923
10	1191	1929
10	1192	1932
10	1193	1933
10	1194	1934
10	1195	1937
10	1196	1939
10	184	1948	2617
10	1197	1956	2382
10	215	1959
10	365	1963
10	1198	1966
10	1199	1968
10	228	1970
10	1200	1971	2450
10	151	1973	1993
10	156	1976
10	1201	1978
10	1202	1979
10	1203	1980	2260
10	1204	1982
10	131	1989	2459
10	1205	1992
10	132	2000
10	1206	2005
10	1207	2039
10	1208	2043
10	1209	2047
10	1210	2050
10	1211	2051
10	1212	2054
10	1213	2055
10	1214	2056
10	373	2060
10	1215	2061
10	1216	2062
10	1217	2064
10	1218	2065
10	689	2067
10	1219	2070
10	1220	2071
10	1221	2073
10	1222	2074
10	1223	2077
10	1224	2079
10	1225	2080
10	1226	2081
10	509	2083
10	1227	2084
10	241	2086	2192	2217	2386
10	1228	2089
10	1229	2093
10	1230	2099
10	612	2100
10	1231	2101
10	1232	2102
10	1233	2110
10	265	1893	1943	1954	2113	2335
10	1234	2114
10	1235	2115
10	1236	2117
10	1237	2118
10	1238	2120
10	1239	2123
10	463	2124
10	206	2129
10	1240	2130
10	1241	2133
10	1242	2134
10	1243	2141	2462
10	1244	2147
10	1245	2150
10	554	2154
10	1246	2155
10	1247	2159
10	1248	2166	2227
10	495	2170
10	102	2174
10	1249	2177
10	1250	2180	2202
10	1251	2181
10	1252	2189
10	1253	2191	2216	2385
10	1254	2193
10	1255	2195	2622
10	756	2197
10	1256	2199
10	712	2204
10	1257	2206
10	1258	2207
10	1259	2210
10	1260	2220	2230
10	1261	2222
10	1262	2229
10	1263	2244
10	1264	2245
10	1265	2247
10	1266	2248
10	1267	2250
10	1268	2257
10	425	2258
10	1269	2266
10	1270	2270
10	1271	2271
10	1272	2272
10	1273	2277
10	1274	2279
10	1275	2280
10	1276	2281
10	1277	2282
10	1278	2289
10	1279	2290
10	1280	2293
10	1281	2294
10	1282	2297
10	1283	2300
10	1284	2302
10	1285	2303
10	1286	2304
10	1287	2305
10	1288	2309
10	1289	2310
10	1290	2317
10	1291	2318
10	1292	2319
10	1293	2320
10	1294	2321
10	1295	2323
10	1296	2325
10	1297	2327
10	1298	2329
10	1299	2330	2513
10	1300	2331
10	700	2340	2533
10	1301	2344
10	1302	2345
10	1303	2346
10	513	2347
10	1304	2351
10	1305	2353
10	1306	2357
10	1307	2360
10	1308	2374
10	1309	2377
10	66	2378
10	1310	2380
10	1311	2384
10	1312	2387
10	1313	2394
10	1314	2400
10	538	2405
10	1315	2409
10	639	2413
10	1316	2416
10	1317	2418
10	229	2419
10	1318	2421
10	1319	2423
10	1320	2283	2424
10	433	2425
10	1321	2430
10	1322	2433
10	1323	2434
10	1324	2437
10	1325	2438
10	1326	2439
10	203	2443
10	504	2452
10	1327	2455
10	130	2458
10	318	2463
10	1328	2465
10	1329	2466
10	1330	2467
10	1331	2473
10	1332	2475
10	301	2477
10	1333	2482
10	815	2485	2623
10	183	2488
10	1334	2489	2504
10	1335	2490	2505
10	1336	2491
10	1337	2493	2516	2536	2553
10	1338	2494	2497	2502	2509	2515	2517	2521	2525	2530	2537	2541	2543	2546	2548	2552	2554	2560
10	1339	2495	2550
10	149	2498	2527
10	1340	2500
10	655	2503	2522	2542	2562
10	1341	2512	2547	2558
10	91	2518
10	1342	2520
10	1343	2523
10	1344	2534
10	450	2559
10	1345	2563
10	1346	2566
10	1347	2567
10	1348	2568
10	1349	2571
10	1350	2573
10	1351	2574
10	238	2576
10	1352	2578
10	1353	2579
10	1354	2580
10	1355	2583
10	1356	2584
10	786	2588
10	1357	2590
10	1358	2594
10	1359	2596
10	1360	2597
10	1361	2598
10	1362	2600
10	1363	2601
10	1364	2602
10	1365	2604
10	1366	2605
10	1367	2606
10	6	2607
10	1368	2611
10	1369	2612
10	1370	2613
10	1371	2615
10	20	2620
10	1372	2621	2624
10	1373	2627
10	1374	2628
10	1375	2629
11	863	1	4
11	864	3
11	521	6
11	865	7	322	523	1824	1944	2103	2144	2342	2370	2448	2478
11	866	8	323	524	1825	1945	2104	2145	2343	2371	2449	2479
11	749	10	55
11	867	11	1168	1585
11	868	12	473	851	1145	1166	1203
11	869	13	532	1057	2372	2389	2397
11	870	14	2373	2390
11	871	15
11	872	16	1958	1967	2337
11	873	17
11	874	18
11	875	19
11	876	20
11	877	21
11	878	22
11	710	23	1863
11	879	24	270	355	405	1134	1266
11	182	26	58	2127	2208	2487	2630
11	880	27
11	738	28	2474
11	275	29	1570	2365	2451	2599
11	881	31	1953	1986	2168
11	882	32
11	883	33
11	884	34
11	74	35	1904
11	885	36
11	886	38
11	887	40
11	888	41
11	889	42
11	890	44	1876
11	891	47
11	892	48	2218	2232
11	893	49	2233
11	894	52
11	895	53
11	896	54
11	317	56	98	112	1248	1563	1865	1906	1931
11	526	57
11	897	59	178	211	254	277	359	437	612	670	1915	2044
11	898	60	2007	2415
11	190	61	1833	2008
11	311	63	80	101	247	328	492	547	726	878	933	981	1023	1037	1054	1086	1112	1666	1850	2010	2027
11	315	64	116	171	781	1074	1324	1852	2011
11	313	65	85	96	118	226	285	754	762	770	1413	1854	2012	2032
11	899	66	2013
11	900	70	135	197	2017
11	901	71	2018
11	902	74	161	215	573	673	1068	1191	2021
11	394	75	2022
11	564	76	235	426	2023
11	903	79	294	2026	2122
11	904	87	1820	2033
11	905	88	1822	2034
11	906	89
11	907	90
11	605	91
11	908	92
11	344	93	129	472	584	818	848	1165	1202	1216	1553	1928
11	909	99
11	910	100
11	911	102	937	1916	2146
11	115	103	275	711
11	912	105
11	913	108	193	579	959
11	327	109	960	1303
11	914	110	194	580	1410
11	915	121	1391	1700
11	916	123
11	917	126	451	631
11	481	131
11	918	137
11	919	138	533
11	920	139	167	230	252	534
11	654	141
11	921	142
11	922	143
11	923	145
11	444	146
11	294	147
11	924	148
11	925	151
11	926	153
11	927	154	2468
11	642	155
11	928	157	205	1194
11	929	160	1826	2484
11	930	162
11	931	163
11	932	165
11	933	166
11	72	169
11	934	173
11	695	175	489
11	935	179	559	2532
11	936	183
11	937	184	510
11	938	185
11	939	188	685	694	938	1388	1697
11	940	190
11	941	195	581
11	208	201	654
11	942	203
11	943	206
11	944	207
11	101	208	1644	1655	1816	2163	2460
11	945	212	681
11	946	218
11	947	219
11	948	223	384	463
11	949	227	2187
11	950	231	924	2358
11	951	233
11	952	240
11	953	242	1828	2068	2105
11	954	244	264	290	433	971	1129	1596	1727
11	324	248	329	336	1024	1780	1857
11	955	249	879	894
11	956	250	880	895	2045
11	133	253	278	876	892	2456
11	363	255
11	957	257	696	728	792
11	488	259
11	54	266
11	958	267
11	587	289	721	1128
11	817	292	871	1139
11	200	297	1204
11	423	300	417	424	469	844	1278	1285	1378	1540	1590	1631	2158
11	959	301	1156
11	289	302	1157
11	67	305	2139
11	960	306
11	454	309	794	826
11	961	313
11	333	314	343	801	1806
11	142	317	461	515	554	1947
11	962	318
11	288	320	2090	2633
11	963	324	1818
11	964	330	361
11	143	339	2265	2538
11	965	341	1634
11	966	342	956	1536
11	967	346
11	968	351	608
11	104	354
11	969	356
11	970	362
11	87	365	1000
11	971	368	1003
11	527	372	1007
11	972	375	946	1010
11	360	379	1014	1430
11	406	381	701	943	1016	1405	1491	1936	2242
11	973	388
11	5	390	1151	1251	1534	1686	1762	1767	1778
11	974	392	1253	1819	2496	2508	2529	2551
11	975	393	1254	1667	1717	1737	1781	1814	2137
11	976	395	1256
11	977	401	1262	1528	1775
11	978	404	1265	2586
11	384	406	1267	1783	1891	2254
11	979	409	1270
11	980	410	1271	1462
11	604	412	1273	2396
11	981	414	1275
11	331	415	846	1042	1065	1276	1298	1310	1325	1505	1546	1555
11	84	419	1280	2361
11	139	420	422	1281	1283
11	982	428
11	983	429
11	47	435
11	984	438	1425	1681
11	985	442	564	688	967	1399
11	986	446	1045	1402	1519	1684
11	987	447	1393	1470	1678
11	177	450	2471
11	988	453
11	989	454	1723
11	990	456
11	276	459	514	1837	2338
11	991	465
11	107	471	1164	1438	1490	1710
11	992	480	614	1374
11	30	481	508	991
11	377	483	2253
11	993	485	1047	1195	1317	1627	1742
11	164	493	1991
11	342	496
11	994	502
11	672	504	2160
11	371	516
11	995	519
11	996	520
11	997	522
11	292	528	854	1740
11	676	529	887
11	998	536
11	999	538
11	385	539
11	135	543
11	499	544	1072
11	1000	68	550	2015
11	1001	557
11	1002	560	865	908	1130	1397
11	1003	570
11	1004	571
11	7	574
11	1005	585	1217
11	1006	586	1218
11	1007	588	744	1220
11	1008	589	1221
11	1009	590	1222	1643
11	212	593	1230
11	1010	594	911	1231
11	1011	597	1234
11	1012	600	1237
11	1013	601	1238
11	1014	604	1241
11	1015	605	881	915	1428
11	1016	610
11	1017	617
11	1018	619	1729
11	1019	624	678
11	1020	633
11	359	640	2072
11	1021	642
11	1022	644
11	1023	648
11	1024	650	830
11	1025	652
11	376	659	748	2364
11	1026	662
11	390	665
11	1027	666
11	1028	669	1187
11	443	677	1223	1557	1798
11	1029	693	1386	1695
11	150	702
11	1030	705
11	1031	706	1969
11	1032	717	733	860	1796
11	1033	722
11	379	730	767	1369
11	1034	740	1081	1118	1515
11	338	742	867	910	1940
11	1035	747	873	2037
11	86	751	1511	2549
11	1036	753
11	1037	755
11	1038	758
11	1039	761
11	89	764
11	1040	768
11	1041	774
11	1042	777
11	1043	778
11	1044	779
11	1045	782
11	1046	785	2225
11	1047	791	1199
11	1048	800
11	1049	805	864	1030
11	1050	811
11	1051	817	828	1927
11	1052	823
11	1053	824
11	1054	833
11	1055	834	2631
11	1056	836
11	1057	837
11	1058	839
11	552	842
11	1059	849
11	1060	856	1551
11	1061	869
11	1062	884	989
11	1063	890	907
11	1064	272	900	1083	1329	1441	1617	1707	1790
11	1065	902	1844	1849	1949
11	1066	904	2569
11	1067	912
11	378	919	1985	2140
11	659	922	986	993	1025
11	1068	927
11	1069	929
11	1070	934
11	1071	935
11	166	948	1998	2492	2499	2510	2511	2528	2535	2561
11	679	951	1389	1698
11	1072	963
11	1073	974
11	614	977
11	1074	982
11	1075	985
11	1076	1033
11	1077	1034
11	372	1040	1208	1376	1499	1793
11	1078	1049
11	1079	1051
11	1080	1059
11	158	1062	2618
11	1081	1070
11	1082	1071	1206
11	1083	1075
11	214	1085	1436
11	403	1087
11	1084	1094
11	163	1097	1984	1988
11	1085	1100
11	1086	1103
11	470	1106
11	1087	1122
11	1088	1131
11	1089	1135
11	1090	1142
11	180	1146	2001	2367	2368	2472
11	1091	1148	1996	2003	2339
11	1092	1149
11	1093	1155
11	1094	1160
11	1095	1162
11	1096	1171
11	475	1173
11	674	1175	1965
11	1097	1179
11	1098	1182
11	1099	1185
11	1100	1188	1244
11	1101	1198	1712
11	1102	1200	1713
11	1103	1211
11	374	1224	1545
11	1104	1225	1612
11	1105	1226
11	1106	1245	1593
11	328	1246	1594
11	52	1289
11	1107	1292
11	1108	1304
11	1109	1311	1786
11	1110	1313
11	34	1314
11	83	1315	1601
11	1111	1319
11	1112	1326
11	1113	1331
11	519	1337
11	1114	1341
11	123	1343	2592
11	1115	1344	2375
11	1116	1349
11	98	1351
11	1117	1358
11	779	1360
11	410	1363	1787	1858
11	484	1367	1620	1632
11	1118	1371
11	1119	1372	1502
11	718	1382	1396	1650	1691	1703
11	1120	460	1383	1692	1812	1864	2057
11	1121	1385	1694
11	340	1403	1520	1576
11	803	1407
11	1122	1416
11	181	1420
11	1123	1423
11	543	1427
11	1124	1437
11	341	1440
11	439	1444	1451
11	1125	1446
11	1126	1448	1909
11	1127	1454
11	1128	1459
11	1129	1465
11	1130	1475
11	1131	1484
11	1132	1487
11	1133	1493
11	31	1494	2635
11	1134	1512	1539
11	661	1521
11	1135	1523	1745	1769
11	120	1525	1772
11	1136	1530
11	1137	1537
11	1138	1554
11	1139	1558	1724
11	709	1560
11	1140	1561
11	1141	1566
11	1142	1573
11	1143	1574
11	1144	1579
11	1145	1580	1665
11	1146	1581
11	1147	1584	2429
11	253	1588
11	1148	1589
11	1149	1591
11	1150	1592
11	788	1595	1921
11	1151	1604
11	1152	1609
11	192	1613
11	1153	1615
11	1154	1616
11	536	1622
11	1155	1624
11	1156	1625	1721
11	1157	1637
11	1158	1646
11	111	1647
11	1159	1648	1658
11	411	1649
11	1160	1651	2444
11	1161	1657
11	216	1664
11	1162	1670	2501	2514	2540	2545
11	1163	1671
11	1164	1672	1744	2236
11	1165	1677
11	1166	1680
11	160	1709
11	1167	1734
11	254	1748
11	1168	1750
11	1169	1754
11	1170	1755
11	1171	1758
11	1172	1760
11	343	1804
11	56	1805	2469
11	1173	1811
11	1174	1821
11	1175	1827	2570
11	386	1834
11	196	1840	1977
11	195	1841	2352	2476
11	1176	1842
11	764	1851
11	1177	1856
11	1178	1862
11	1179	1870
11	1180	1871
11	1181	1872
11	1182	1874
11	683	1880
11	1183	1883
11	1184	1886
11	1185	1897
11	408	1903
11	205	1908	2152
11	1186	1910
11	1187	1912
11	1188	1913
11	176	1917	2041
11	1189	1919	2412
11	1190	1923
11	1191	1929
11	1192	1932
11	1193	1933
11	1194	1934
11	1195	1937
11	1196	1939
11	184	1948	2617
11	1197	1956	2382
11	215	1959
11	365	1963
11	1198	1966
11	1199	1968
11	228	1970
11	1200	1971	2450
11	151	1973	1993
11	156	1976
11	1201	1978
11	1202	1979
11	1203	1980	2260
11	1204	1982
11	131	1989	2459
11	1205	1992
11	132	2000
11	1206	2005
11	1207	2039
11	1208	2043
11	1209	2047
11	1210	2050
11	1211	2051
11	1212	2054
11	1213	2055
11	1214	2056
11	373	2060
11	1215	2061
11	1216	2062
11	1217	2064
11	1218	2065
11	689	2067
11	1219	2070
11	1220	2071
11	1221	2073
11	1222	2074
11	1223	2077
11	1224	2079
11	1225	2080
11	1226	2081
11	509	2083
11	1227	2084
11	241	2086	2192	2217	2386
11	1228	2089
11	1229	2093
11	1230	2099
11	612	2100
11	1231	2101
11	1232	2102
11	1233	2110
11	265	1893	1943	1954	2113	2335
11	1234	2114
11	1235	2115
11	1236	2117
11	1237	2118
11	1238	2120
11	1239	2123
11	463	2124
11	206	2129
11	1240	2130
11	1241	2133
11	1242	2134
11	1243	2141	2462
11	1244	2147
11	1245	2150
11	554	2154
11	1246	2155
11	1247	2159
11	1248	2166	2227
11	495	2170
11	102	2174
11	1249	2177
11	1250	2180	2202
11	1251	2181
11	1252	2189
11	1253	2191	2216	2385
11	1254	2193
11	1255	2195	2622
11	756	2197
11	1256	2199
11	712	2204
11	1257	2206
11	1258	2207
11	1259	2210
11	1260	2220	2230
11	1261	2222
11	1262	2229
11	1263	2244
11	1264	2245
11	1265	2247
11	1266	2248
11	1267	2250
11	1268	2257
11	425	2258
11	1269	2266
11	1270	2270
11	1271	2271
11	1272	2272
11	1273	2277
11	1274	2279
11	1275	2280
11	1276	2281
11	1277	2282
11	1278	2289
11	1279	2290
11	1280	2293
11	1281	2294
11	1282	2297
11	1283	2300
11	1284	2302
11	1285	2303
11	1286	2304
11	1287	2305
11	1288	2309
11	1289	2310
11	1290	2317
11	1291	2318
11	1292	2319
11	1293	2320
11	1294	2321
11	1295	2323
11	1296	2325
11	1297	2327
11	1298	2329
11	1299	2330	2513
11	1300	2331
11	700	2340	2533
11	1301	2344
11	1302	2345
11	1303	2346
11	513	2347
11	1304	2351
11	1305	2353
11	1306	2357
11	1307	2360
11	1308	2374
11	1309	2377
11	66	2378
11	1310	2380
11	1311	2384
11	1312	2387
11	1313	2394
11	1314	2400
11	538	2405
11	1315	2409
11	639	2413
11	1316	2416
11	1317	2418
11	229	2419
11	1318	2421
11	1319	2423
11	1320	2283	2424
11	433	2425
11	1321	2430
11	1322	2433
11	1323	2434
11	1324	2437
11	1325	2438
11	1326	2439
11	203	2443
11	504	2452
11	1327	2455
11	130	2458
11	318	2463
11	1328	2465
11	1329	2466
11	1330	2467
11	1331	2473
11	1332	2475
11	301	2477
11	1333	2482
11	815	2485	2623
11	183	2488
11	1334	2489	2504
11	1335	2490	2505
11	1336	2491
11	1337	2493	2516	2536	2553
11	1338	2494	2497	2502	2509	2515	2517	2521	2525	2530	2537	2541	2543	2546	2548	2552	2554	2560
11	1339	2495	2550
11	149	2498	2527
11	1340	2500
11	655	2503	2522	2542	2562
11	1341	2512	2547	2558
11	91	2518
11	1342	2520
11	1343	2523
11	1344	2534
11	450	2559
11	1345	2563
11	1346	2566
11	1347	2567
11	1348	2568
11	1349	2571
11	1350	2573
11	1351	2574
11	238	2576
11	1352	2578
11	1353	2579
11	1354	2580
11	1355	2583
11	1356	2584
11	786	2588
11	1357	2590
11	1358	2594
11	1359	2596
11	1360	2597
11	1361	2598
11	1362	2600
11	1363	2601
11	1364	2602
11	1365	2604
11	1366	2605
11	1367	2606
11	6	2607
11	1368	2611
11	1369	2612
11	1370	2613
11	1371	2615
11	20	2620
11	1372	2621	2624
11	1373	2627
11	1374	2628
11	1375	2629
12	1376	1
12	1241	2
12	342	3	4	9
12	738	6
12	352	11
12	195	12
12	1377	14
12	1187	15
13	931	3
14	1247	1
14	1378	2	11	171
14	1379	3
14	1380	4
14	863	5
14	864	6
14	778	8
14	521	9
14	1299	10	161
14	1381	12
14	1382	13
14	1383	14
14	1384	15
14	1385	16
14	1386	17
14	1387	18
14	1388	21
14	1389	22
14	1390	24
14	1391	25
14	1392	26
14	1393	29
14	1279	30
14	1394	32
14	1280	33
14	1395	35
14	1396	36
14	171	38
14	1397	39
14	1398	44
14	1399	54
14	1400	55
14	1401	64
14	1402	65
14	1403	66
14	1296	67	72
14	1295	68
14	1404	69
14	1405	73
14	1406	74
14	1407	75
14	1408	76	80	84	108
14	1409	77	81	85	109
14	1410	78	82	86	107	110	236
14	1223	79
14	1411	83	106
14	1252	87	113	121	183
14	1412	88	114
14	1413	89	92	115	118
14	1414	90	116	127	180
14	1415	91	117
14	1416	93	119
14	1417	94	120
14	1418	95	111	122	128	154	164
14	1419	96	112
14	288	97
14	1420	98
14	1421	99
14	156	100
14	1422	101
14	1423	102
14	389	105
14	1424	123	129	134	136	155	165	177
14	1425	124
14	1426	125
14	1427	126	159
14	975	130
14	1428	132
14	753	133	135
14	1005	138
14	365	140
14	395	142
14	174	145
14	754	147
14	1429	148
14	1430	150
14	1431	151
14	1432	157
14	1433	158
14	1434	162
14	1073	168
14	1435	174
14	1436	175	190
14	1437	178
14	396	179
14	1438	182
14	1439	185
14	1440	186
14	637	192
14	1441	197
14	761	198
14	765	199
14	105	200
14	2	201
14	764	202
14	362	203
14	1442	204
14	784	205
14	752	206
14	1327	207
14	1443	209
14	1444	210
14	1445	211
14	898	213
14	301	214
14	294	216
14	1446	217
14	1447	219
14	130	220
14	131	221
14	166	222
14	1448	223
14	195	224
14	1113	226
14	67	227
14	133	228
14	208	230
14	879	233
14	1449	234
14	132	235
15	1450	1	84	108
15	1451	2
15	1452	3
15	1453	4	5	14	23	57	62	76
15	1308	6
15	637	7	11	20	37	54	70
15	1454	8	13	22	56	71
15	1455	9
15	1456	17
15	1457	25
15	1458	26
15	1459	28
15	1460	30
15	1461	34
15	740	35
15	1338	38
15	1462	43
15	1463	46
15	1464	47
15	1465	50
15	1466	51	65
15	1467	60
15	599	64
15	1468	69
15	1469	72
15	1470	73
15	1471	74
15	1472	77	79	95
15	394	82
15	1055	85
15	135	88
15	227	92
15	1473	98
15	1474	99
15	1475	100
15	1476	101
15	1477	102
15	1478	103
15	1479	104
15	1480	105
15	1481	106
15	1482	107
15	324	109
16	133	1
16	1483	6	14	18	32	34	36	38	41	43	45	47	49	51	53	55	57	59	61	63	65	68	70	72	74	76	78	80	83	85	87	89	91	93	95	97	99	101	103	105	107	110	112	115	118	121	124	126	129	131	133	135	137	139	141	143	145	147	150	152	154	157	159	161	164	166	168	170	172	174	176	179	181	183	185	187	190	193	195	197	199	201	204	206	209	211	213	215	218	220	222	224	226	228	230	232	234	236	238	240	243	245	247	250	252	254	257	259	261	263	265	267	269	272	274	277	279	281	283	285	287	290	292	295	297	299	301	303	305	307	310	314	316	318	320	322	324	326	328	330	332	334	336	338	340	342	344	347	349	351	353	355	357	359	361	363	366	368	371	373	375	378	380	382	384	386	390	392	394	396	398	400	403	405	408	412	415	417	419	421	424	427	430	432	434	436	438	441	443	445	447	449	451	453	455	457	459	461	463	465	467	470	473	477	479	481	483	485	489	491	493	495	497	499	501	503	505	507	509	511	513	516	518	521	524	526	528	530	532	534	536	538	540	542	544	546	548	550	552	555	558	560	562	565	567	569	573	575	577	579	581	583	585	587	589	591	593	596	598	600	602	604	607	609	611	614	616	618	620	622	625	627	629	631	633	636	638	640	642	645	648	651	654	657	660	663	665	667	669	671	673	675	677	679	681	684	686	688	690	692	694	697	699	702	705	707	709	711	713	715	717	719	722	725	727	729	731	733	735	737	739	741	744	746	748	750	753	755	758	760	762	764	766	768	770	772	774	776	778	780	783	785	789	791	793	795	797	799	801	803	806	808	811	813	815	817	820	822	825	827	829	831	833	835	838	841	844	846	848	850	852	854	857	860	862	864	867	870	873	877	880	882	884	887	890	893	897	901	904	907	910	912	914	917	919	921	923	925	927	929	931	933	935	937	939	942	944	946	948	950	952	954	956	958	960	962	965	967	969	972	975	977	980	982	985	987	989	991	993	996	998	1000	1002	1005	1007	1009	1011	1013	1015	1017	1019	1021	1023	1026	1028	1030	1032	1034	1036	1038	1040	1042	1044	1047	1049	1051	1053	1056	1058	1060	1062	1065	1068	1070	1073	1075	1078	1081	1083	1085	1087	1089	1091	1093	1096	1099	1102	1105	1108	1110	1112	1114	1116	1118	1120	1122	1125	1128	1131	1134	1137	1140	1143	1146	1148	1150	1152	1154	1156	1158	1160	1162	1166	1168	1170	1172	1175	1177	1180	1183	1186	1188	1190	1192	1194	1197	1199	1202	1204	1206	1208	1210	1213	1215	1217	1219	1221	1223	1225	1227	1229	1231	1233	1236	1238	1240	1242	1244	1247	1250	1252	1254	1256	1258	1260	1262	1264	1266	1269	1272	1275	1278	1280	1282	1284	1287	1290	1292	1295	1298	1301	1303	1306	1310	1312	1314	1317	1319	1321	1323	1325	1327	1330	1332	1334	1336	1338	1340	1342	1345	1347	1349	1351	1354	1356	1358	1361	1363	1365	1367	1369	1371	1374	1377	1380	1383	1385	1387	1389	1391	1393	1395	1397	1399	1401	1403	1405	1408	1410	1413	1415	1417	1419	1421	1423	1425	1427	1429	1432	1436	1438	1440	1442	1444	1447	1449	1451	1453	1455	1459	1462	1464	1466	1468	1471	1474	1477	1480	1483	1486	1489	1492	1495	1498	1501	1504	1507	1510	1513	1516	1518	1521	1523	1525	1527	1529	1532	1534	1536	1538	1541	1543	1545	1548	1551	1554	1557	1560	1562	1564	1566	1568	1570	1572	1574	1576	1580	1582	1584	1586	1588	1590	1592	1594	1597	1599	1602	1604	1606	1609	1612	1614	1616	1618	1621	1624	1626	1628	1631	1635	1637	1639	1641	1643	1646	1651	1654	1657	1659	1662	1664	1666	1668	1670	1672	1674	1677	1679	1681	1683	1685	1687	1690	1692	1695	1698	1701	1703	1705	1707	1709	1712	1715	1717	1719	1721	1723	1725	1727	1730	1733	1735	1737	1739	1742	1744	1746	1748	1750	1752	1755	1758	1760	1762
16	1484	7	15	19	874	1763	1765
16	1485	8	10	26	28
16	86	9
16	1486	11
16	1487	13	17	1764
16	1488	16	20
16	1489	22
16	1490	23
16	1142	25	27
16	1269	30	67	109	120	407	564	595	606	624	644	656	704	805	819	824	837	840	843	859	979	1067	1077	1080	1098	1165	1268	1286	1329	1407	1412	1458	1531	1608	1630	1694	1757
16	1491	31
16	1492	33
16	1493	35
16	1494	37
16	1495	39
16	1496	40	1435
16	1497	42
16	1498	44
16	1499	46
16	1500	48
16	1501	50
16	1502	52
16	1503	54
16	1504	56
16	1505	58
16	1506	60
16	1507	62
16	1508	64
16	1509	66
16	1510	69
16	1511	71
16	1512	73
16	1513	75
16	1514	77
16	1515	79
16	1516	81
16	1517	82	520	1101	1182	1271	1661	1697
16	1518	84
16	1519	86
16	1520	88
16	1521	90
16	1522	92
16	1523	94
16	1524	96
16	1525	98
16	1526	100
16	1527	102
16	1528	104
16	1529	106
16	1530	108
16	1531	111
16	1532	113	116	119	125
16	1533	117	662	724	1185	1645
16	1534	122
16	1535	123
16	1536	127
16	1537	128
16	1538	130
16	1539	132
16	1540	134
16	1541	136
16	1542	138
16	1543	140
16	1544	142
16	1545	144
16	1546	146
16	1547	148
16	1548	149	217	309	312	389	554	557	683	721	1004	1235	1246	1294	1353	1373	1550	1556	1634
16	1549	151
16	1550	153
16	1551	155
16	25	156
16	1552	158
16	1553	160
16	1554	162
16	1555	163	971
16	1556	165
16	1557	167
16	1558	169
16	1559	171
16	1560	173
16	1561	175
16	1562	177
16	1563	178	488	515	752	810	1055	1344	1553	1700	1741
16	1564	180
16	1565	182
16	1566	184
16	1567	186
16	1568	188
16	1569	189
16	1570	191
16	1571	192	256	650	1095
16	1572	194
16	1573	196
16	1574	198
16	1575	200
16	1576	202
16	20	203
16	1577	205	207
16	936	208	1457
16	1578	210
16	1579	212
16	1580	214	216
16	1581	219
16	1582	221
16	1583	223
16	1584	225
16	1585	227
16	1586	229
16	1587	231
16	1588	233
16	1589	235
16	1590	237
16	1591	239
16	1592	241
16	1593	242	964	974	984	1434	1446	1540
16	1594	244
16	1595	246
16	1596	248
16	1597	249	294	370
16	1598	251
16	1599	253
16	1600	255
16	1601	258
16	1602	260
16	1603	262
16	1604	264
16	1605	266
16	1606	268
16	1607	270
16	1608	271	411	659	1249	1611	1620	1653	1732
16	1609	273	275
16	937	276	696	782	1064
16	1610	278
16	1611	280
16	1612	282
16	1613	284
16	1614	286
16	1615	288
16	1616	289
16	1617	291
16	1618	293
16	1619	296
16	1620	298
16	1621	300
16	1622	302
16	1623	304
16	1624	306
16	1625	308	311
16	702	313	410	414	757	788	1461	1689
16	1626	315
16	1627	317
16	1628	319
16	1629	321
16	1630	323
16	1631	325
16	1632	327
16	1633	329
16	1634	331
16	1635	333
16	1636	335
16	1637	337
16	1638	339
16	1639	341
16	1640	343
16	1641	345
16	1642	346	377	635	1300
16	1643	348
16	1644	350
16	1645	352
16	1646	354
16	1647	356
16	1648	358
16	1649	360
16	1650	362
16	1651	364
16	1652	365
16	1653	367
16	1654	369
16	1655	372
16	1656	374
16	1657	376
16	1658	379
16	1659	381
16	1660	383
16	1661	385
16	1662	387
16	1663	388
16	1664	391
16	1665	393
16	1666	395
16	1667	397
16	1668	399
16	1669	401
16	1670	402
16	1671	404
16	1672	406	409	413
16	1673	416
16	1674	418
16	1675	420
16	1676	422
16	1677	423	472
16	1678	425	428	439
16	1679	426
16	1680	429
16	1681	431
16	1682	433
16	1683	435
16	1684	437
16	1685	440
16	1686	442
16	1687	444
16	1688	446
16	1689	448
16	1690	450
16	1691	452
16	1692	454
16	1693	456
16	1694	458
16	1695	460
16	1696	462
16	1697	464
16	1698	466
16	1699	468	471	474
16	1700	469
16	1701	476	896	900	1497
16	1702	478
16	1703	480
16	1704	482
16	1705	484
16	1706	486
16	1707	487
16	1708	490
16	1709	492
16	1710	494
16	1711	496
16	1712	498
16	1713	500
16	1714	502
16	1715	504
16	1716	506
16	1717	508
16	1718	510
16	1719	512
16	1720	514
16	1721	517
16	1722	519	522
16	488	523
16	1723	525
16	1724	527
16	1725	529
16	1726	531
16	1727	533
16	1728	535
16	1729	537
16	1730	539
16	1731	541
16	1732	543
16	1733	545
16	1734	547
16	1735	549
16	1736	551
16	1737	553
16	1738	556
16	1739	559
16	1740	561
16	1741	563
16	1742	566
16	1743	568
16	1744	570
16	1745	571
16	1746	572	1046	1289	1676
16	1747	574
16	1748	576
16	1749	578
16	1750	580
16	1751	582
16	1752	584
16	1753	586
16	1754	588
16	1755	590
16	1756	592
16	1757	594
16	1758	597
16	1759	599
16	1760	601
16	1761	603
16	1762	605
16	1763	608
16	1764	610	612
16	1765	613	647	1201	1633
16	1766	615
16	1767	617
16	1768	619
16	1769	621	623
16	1770	626
16	1771	628
16	1772	630
16	1773	632
16	1774	634
16	1775	637
16	1776	639
16	1777	641
16	1778	643
16	1779	646
16	1780	649
16	1781	652
16	1782	653	743	941
16	1783	655	658	661
16	1784	664
16	1785	666
16	1786	668
16	1787	670
16	1788	672
16	1789	674
16	1790	676
16	1791	678
16	1792	680
16	1793	682
16	1794	685
16	1795	687
16	1796	689
16	1797	691
16	1798	693
16	1799	695
16	1800	698	700
16	1801	701	916	1025	1360
16	1802	703
16	1803	706
16	1804	708
16	1805	710
16	1806	712
16	1807	714
16	1808	716
16	1809	718
16	1810	720	723
16	1811	726
16	1812	728
16	1813	730
16	1814	732
16	1815	734
16	1816	736
16	1817	738
16	1818	740	742
16	1819	745
16	1820	747
16	1821	749
16	1822	751
16	1823	754	756
16	1824	759
16	1825	761
16	1826	763
16	1827	765
16	1828	767
16	1829	769
16	1830	771
16	1831	773
16	1832	775
16	1833	777
16	1834	779
16	1835	781
16	1836	784
16	1837	786
16	1838	787
16	1839	790
16	1840	792
16	1841	794
16	1842	796
16	1843	798
16	1844	800
16	1845	802
16	1846	804
16	1847	807
16	1848	809
16	1849	812
16	1850	814
16	1851	816
16	1852	818
16	1853	821
16	1854	823
16	1855	826
16	1856	828
16	1857	830
16	1858	832
16	1859	834
16	1860	836
16	1861	839
16	1862	842
16	1863	845
16	1864	847
16	1865	849
16	1866	851
16	1867	853
16	1868	855
16	1869	856
16	1870	858
16	1871	861
16	1872	863
16	1873	865	868	871	878
16	1874	866
16	569	869
16	1875	872
16	1397	876
16	1876	879
16	1877	881
16	1878	883
16	1879	885	888	891	894	898	902	905	908
16	1880	886
16	1881	889
16	1882	892
16	1883	895
16	1884	903
16	1885	906
16	1886	909
16	1887	911
16	1888	913	915
16	1889	918
16	1890	920
16	1891	922
16	1892	924
16	1893	926
16	1894	928
16	1895	930
16	1896	932
16	1897	934
16	1898	936
16	1899	938
16	1900	940
16	1901	943
16	1902	945
16	1903	947
16	1904	949
16	1905	951
16	1906	953
16	1907	955
16	1908	957
16	1909	959
16	1910	961	963
16	1911	966
16	1912	968
16	1913	970
16	1914	973
16	1915	976
16	1916	978
16	1917	981
16	1918	983
16	1919	986
16	1920	988
16	1921	990
16	1922	992
16	1923	994
16	1924	995
16	1925	997
16	1926	999
16	1927	1001
16	1928	1003
16	1929	1006
16	1930	1008
16	1931	1010
16	1932	1012
16	1933	1014
16	1934	1016
16	1935	1018
16	1936	1020
16	1937	1022
16	1938	1024
16	1939	1027
16	1940	1029
16	1941	1031
16	1942	1033
16	1943	1035
16	1944	1037
16	1945	1039
16	1946	1041
16	1947	1043
16	1948	1045
16	1949	1048
16	1950	1050
16	1951	1052
16	1952	1054	1057
16	1953	1059
16	1954	1061
16	1955	1063
16	1956	1066
16	1957	1069
16	1958	1071
16	1959	1072
16	1960	1074
16	1961	1076
16	1962	1079
16	1963	1082
16	1964	1084
16	1965	1086
16	1966	1088
16	1967	1090
16	1968	1092
16	1969	1094
16	1970	1097
16	1971	1100	1103
16	365	1104
16	1972	1106
16	1973	1107
16	1974	1109
16	1975	1111
16	1976	1113
16	1977	1115
16	1978	1117
16	1979	1119
16	1980	1121
16	1981	1123	1126	1129	1132	1135	1138	1141	1144
16	1982	1124
16	1983	1127
16	1984	1130
16	1985	1133
16	1986	1136
16	1987	1139
16	1988	1142
16	1989	1145
16	1990	1147
16	1991	1149
16	1992	1151
16	1993	1153
16	1994	1155
16	1995	1157
16	1996	1159
16	1997	1161
16	1998	1163
16	1999	1164
16	2000	1167
16	2001	1169
16	2002	1171	1173
16	1162	1174
16	2003	1176
16	2004	1178
16	2005	1179
16	2006	1181	1184
16	2007	1187
16	2008	1189
16	2009	1191
16	2010	1193
16	2011	1195
16	2012	1196
16	2013	1198
16	2014	1200
16	2015	1203
16	2016	1205
16	2017	1207
16	2018	1209
16	2019	1211
16	2020	1212	1379	1547
16	2021	1214
16	2022	1216
16	2023	1218
16	2024	1220
16	2025	1222
16	2026	1224
16	2027	1226
16	2028	1228
16	2029	1230
16	2030	1232
16	2031	1234
16	2032	1237
16	2033	1239
16	2034	1241
16	2035	1243
16	2036	1245	1248
16	2037	1251
16	2038	1253
16	2039	1255
16	2040	1257
16	2041	1259
16	2042	1261
16	2043	1263
16	2044	1265
16	2045	1267
16	2046	1270	1273
16	2047	1274	1431
16	2048	1276
16	2049	1277
16	2050	1279
16	2051	1281
16	2052	1283
16	2053	1285	1288
16	2054	1291
16	2055	1293	1296	1299
16	817	1297
16	2056	1302
16	2057	1304
16	2058	1305
16	2059	1307
16	2060	1309
16	2061	1311
16	2062	1313
16	2063	1315
16	2064	1318
16	2065	1320
16	2066	1322
16	2067	1324
16	2068	1326
16	2069	1328
16	2070	1331
16	2071	1333
16	2072	1335
16	2073	1337
16	2074	1339
16	2075	1341
16	2076	1343
16	2077	1346
16	2078	1348
16	2079	1350
16	2080	1352
16	2081	1355
16	2082	1357	1359
16	2083	1362
16	2084	1364
16	2085	1366
16	2086	1368
16	2087	1370
16	2088	1372	1375
16	2089	1376
16	2090	1378
16	2091	1381
16	2092	1382
16	2093	1384
16	2094	1386
16	2095	1388
16	2096	1390
16	2097	1392
16	2098	1394
16	2099	1396
16	2100	1398
16	2101	1400
16	2102	1402
16	2103	1404
16	2104	1406
16	2105	1409
16	2106	1411
16	2107	1414
16	2108	1416
16	2109	1418
16	2110	1420
16	2111	1422
16	2112	1424
16	2113	1426
16	2114	1428
16	2115	1430
16	2116	1433
16	2117	1437
16	2118	1439
16	2119	1441
16	2120	1443
16	2121	1445
16	2122	1448
16	2123	1450
16	2124	1452
16	2125	1454
16	2126	1456
16	2127	1460
16	2128	1463
16	2129	1465
16	2130	1467
16	2131	1469	1472	1475	1478	1481	1484	1487	1490	1493	1496	1499	1502	1505	1508	1511	1514	1519
16	2132	1470
16	2133	1476
16	2134	1479
16	2135	1482
16	882	1485
16	2136	1488
16	396	1491
16	2137	1494
16	2138	1500
16	2139	1503
16	2140	1506
16	798	1509
16	2141	1512
16	2142	1515
16	2143	1517
16	2144	1520
16	2145	1522
16	2146	1524
16	2147	1526
16	2148	1528
16	2149	1530
16	2150	1533
16	2151	1535
16	2152	1537
16	2153	1539
16	2154	1542
16	2155	1544
16	2156	1546
16	2157	1549
16	2158	1552
16	2159	1555
16	2160	1558
16	2161	1559
16	2162	1561
16	2163	1563
16	2164	1565
16	2165	1567
16	2166	1569
16	2167	1571
16	2168	1573
16	2169	1575
16	2170	1577
16	1314	1579
16	2171	1581
16	2172	1583
16	2173	1585
16	2174	1587
16	2175	1589
16	2176	1591
16	2177	1593
16	2178	1595
16	2179	1596
16	2180	1598	1600
16	2181	1601
16	2182	1603
16	2183	1605
16	2184	1607
16	2185	1610
16	2186	1613
16	2187	1615
16	2188	1617
16	2189	1619
16	2190	1622
16	2191	1623
16	2192	1625
16	2193	1627
16	2194	1629	1632
16	2195	1636
16	2196	1638
16	2197	1640
16	2198	1642
16	2199	1644
16	2200	1647
16	714	1649
16	2201	1650
16	2202	1652	1655
16	2203	1656	1754
16	2204	1658
16	2205	1660
16	2206	1663
16	2207	1665
16	2208	1667
16	2209	1669
16	2210	1671
16	2211	1673
16	2212	1675
16	2213	1678
16	2214	1680
16	2215	1682
16	2216	1684
16	2217	1686
16	2218	1688
16	2219	1691
16	2220	1693
16	2221	1696
16	2222	1699
16	2223	1702
16	2224	1704
16	2225	1706
16	2226	1708
16	2227	1710	1713
16	2228	1711
16	2229	1714
16	2230	1716
16	2231	1718
16	2232	1720
16	2233	1722
16	2234	1724
16	2235	1726
16	2236	1728
16	2237	1729
16	2238	1731
16	2239	1734
16	2240	1736
16	2241	1738
16	2242	1740
16	2243	1743
16	2244	1745
16	2245	1747
16	2246	1749
16	2247	1751
16	2248	1753
16	2249	1756
16	2250	1759
16	2251	1761
16	129	1766
16	2252	1767	1769
16	2253	1768
16	304	1770	1830
16	946	1771	1831	1849
16	2254	1772	1797
16	752	1773
16	2255	1774
16	1143	1775
16	2256	1776
16	2257	1777	1779
16	1145	1780	1788	1794	1800	1827
16	2258	1782	1786
16	2259	1790
16	2260	1791
16	2261	1792	1793
16	2262	1796	1799	1802	1806	1809	1812	1815	1818	1845
16	1130	1803	1805	1808	1811	1814	1817
16	1075	1804
16	6	1807
16	627	1810
16	2263	1813
16	2264	1816
16	2265	1819	1821	1822	1825
16	507	1820
16	2266	1823	1826
16	971	1832
16	400	1833	1841
16	2267	1834
16	2268	1835	1838
16	2269	1836	1839	1843	1846
16	2270	1837
16	2271	1842
16	2272	1848
16	2273	1850	1852	1860	1873
16	2274	1851
16	2275	1853
16	2276	1854
16	2277	1855
16	2278	1856
16	2279	1857	1859
16	2280	1858	1876
16	2281	1861
16	2282	1862
16	26	1863
16	2283	1864
16	2284	1867
16	2285	1868	1870
16	2286	1869
16	356	1872
16	2287	1874
16	2288	1875
17	875	1	14
17	2289	3	16
17	1242	4	17
17	2290	5	8	18	25	31
17	2291	7
17	2292	11
17	1299	21
17	1206	22
17	1326	33
17	992	34
17	150	35
17	395	36
17	190	37
17	380	38
17	166	39
18	863	1
18	521	3	6454
18	739	4
18	2293	5	3945
18	195	6	6443
18	294	7	1216	1280	1589	1678	1737	1889	2614	3152	3263	3434	3788	3818	4059	4598	5069	5426	6125	6336	6412	6433
18	1483	8	10	86	293	355	479	703	753	1481	1546	1682	1841	2085	2101	2293	2301	2355	2673	2717	2760	2779	2844	2866	3146	3175	3223	3237	3730	3737	4060	4075	4381	4423	4476	4496	4533	4593	4757	4776	4892	4922	5112	5340	5579	5749	6126	6155	6158	6217	6247	6298	6413	6415	6418	6422	6424	6427	6430	6434	6436	6439
18	2294	11
18	2295	12	6423
18	1444	13	59	766	6416
18	63	14	171	443	904	909	1349	2062	6252	6417
18	20	15	6420
18	2296	16	4795	4816
18	2297	17
18	395	18	1162	2530	3823	3928	5499
18	1055	19	4002
18	738	20	21	27	6445	6446
18	2298	22	223	3534
18	2299	24	6448
18	2300	25
18	996	26	4177
18	177	28	4686	4881	5438	6447
18	342	29	32	713	6175	6426
18	2301	30	2426	6428
18	2285	33	39	75	143	259	619	707	715	722	740	746	775	1025	1116	1518	1576	1699	1722	1752	1789	1845	2024	2367	2378	2433	2468	2521	2615	2811	2817	2942	2961	3153	3276	3306	3327	3361	3408	3428	3523	3537	3581	3613	3631	3648	3712	3743	3751	3841	3859	3962	3978	4001	4013	4069	4174	4235	4335	4405	4500	4517	4591	4608	4760	4915	4962	4985	5085	5105	5161	5304	5401	5514	5548	5652	5764	5806	5831	5854	5888	5974	6021	6034	6079	6090	6132
18	991	34	40	76	97	285	303	689	716	728	732	742	970	1273	1288	1407	1443	1890	2025	2053	2097	2133	2496	2522	2616	2709	2771	3154	3819	4014	4175	4289	4406	5081	5180	5427	5549	5731	5920	6133	6287
18	536	35	41	805	1168	1421	1762	2456	2606	3108	3480	3512	4471	6288
18	2302	37	43	1079	1427	1670	2137	2161	2501	4609	6290
18	2303	45
18	2304	47	708	3776	5884	6179
18	2305	48	709	6180
18	2306	50	2348	3748	5719	5757	5869	5881
18	245	52	3621	4858	6385	6404
18	2307	53	94	99	397	587	599	691	778	2524	2569	2630	3757	3821	3911	4296	5429	5843	5892	6024
18	951	54	95	398	588	600	692	739	779	838	883	1293	1311	1450	1594	1800	1836	2049	2107	2187	2424	2525	2570	2631	2637	2719	3086	3413	3422	3495	3609	3633	3758	3822	3912	3921	4297	4761	5086	5430	5694	5788	5844	5893	5967	6025
18	1201	56	6410
18	2308	60	214	566	4353	5551
18	2309	62
18	2310	63	1541	3615	3700	4903
18	513	64	330	1538	2477	2689
18	582	66	5149
18	377	67	790	1140	1689	1807	1853	2050	2144	2335	2359	2584	2774	2826	4029	4107	4138	4982	4988	5290	5450	5691	5741	5915	5940	5950	5978	6047
18	2311	70
18	410	74	312	369	1248	1716	2214	3443	4066	5233	5256	5683
18	659	80	1908	3720	5972
18	1230	85	343	701	702	3717	4790	5020
18	2312	89	613	3062	4205
18	454	91	616	1213	3734	5167	5852
18	2313	92	617	1214	2410	2519	3703	4473	5109	5643
18	2314	96	5890
18	2315	100
18	2316	102
18	2317	103
18	2318	104	4640
18	972	105
18	2319	107	785	1328	1405	4323	4332	4946	5066	5698	6076
18	1419	111	1590	1668	2617	2962	3079	3328	3843	4585	6153
18	520	114	211	234	561	622	680	861	997	1080	1675	1756	2067	2108	2115	2188	2201	2305	2327	2392	2598	2777	2901	2965	2987	3001	3087	3090	3208	3385	3445	3457	3487	3518	3710	4022	4064	4298	4363	4549	4610	4638	4668	4673	4803	4838	5002	5018	5314	5349	5373	5458	5770	5820	5845	5858	5896	5943	5989
18	514	117
18	2320	118
18	2321	120	181	227	246	405	568	570	572	581	585	602	792	839	902	912	948	1451	1988	1992	2056	2231	2309	2487	2502	2638	2720	2889	3341	3452	3773	4413	4430	4455	5187	5460	5493	5973
18	2322	125
18	2323	126	2694
18	2324	127	793
18	2325	129
18	2326	130	3571
18	112	132	3936
18	552	134
18	1047	137	164	826	847	2090	3511	4787
18	2327	139	1646
18	2328	145	1470	3304	3533	3573	4501	4620	5565
18	328	146
18	2329	151
18	2330	152
18	1086	156	1510	4512
18	144	158
18	2331	160
18	143	161	177	822
18	2332	163	825	846	860	936	1977	2035	2089	2662	2665	3510	4786
18	778	165	601
18	2333	166	5603
18	332	174
18	2334	180	2304	2597	4764	5016	5083	5477
18	957	184	656	1097	1504	1704	1744	3017	4221	5534	5621	5627
18	1034	186
18	1041	194	441	589	946
18	2335	196	2078
18	404	200	361	1769	2002
18	75	201
18	2336	203	645	651	1956
18	2337	205
18	1035	209	1964	3334
18	2338	212	636	1295	1953	2721	3446	5773
18	2339	217
18	2340	220	501	518	562	4508
18	2341	221	380	593	1083	2404	2586	2599	2902	3774	3833	5509
18	2342	225
18	2343	226	578
18	2344	230	579	4839	5457
18	176	231	1124	1425	1860	2353	2368	3254	3315	3526	3790	3825	3867	3880	4654	4671	4713	4841	5286	5501	5708
18	864	233	679	1090	1514	1674	2057	2138	2162	2206	2220	2857	3000	3016	3346	4637	4877
18	2345	236	4931
18	2346	237	683
18	2347	242	407	1302	1838	1950	1987	2233	2504	2781
18	2348	243
18	2349	249	390	423	1298	2074	2321	2868	3348	4878	5353
18	2350	250	391
18	2351	252
18	114	255	360	608	993	3202	4780
18	1440	257	484	1149
18	2352	260
18	2353	262
18	2354	266
18	2355	269
18	2356	270	2446	2934	3634	3783	3897	4117	4685	4740
18	102	272	6005
18	2357	273	315
18	2358	277
18	2359	283	1898
18	2360	284	567	571	1604	1991	2055	2203	2486	2891	3340	4418	4454	5186
18	215	287	2713	2815	4441	4483	5996
18	135	288	552
18	1028	292
18	2361	294
18	2362	298
18	2363	301	2529	4085	4159	5674
18	6	306	843	2217	4917
18	1113	307	1391	2526	2659	3670	4536	5536	5728
18	2364	313
18	2365	314
18	2366	318
18	1076	319	358
18	2367	320
18	2368	321
18	2369	323
18	163	328	767	1064	1772	2742	6285
18	2370	334	2623
18	818	338	1904	2729	6151
18	2371	340
18	2372	341	348	1914	2728	5561
18	2373	344	1913
18	2374	346
18	425	347	510	1306	2572	4228	4253	5560	5872	6321
18	402	349	5003
18	408	352	364	2016	5012	5022	5532	6007
18	1205	357	1979	3953	3990	6161	6164
18	1608	359
18	208	362	1050	1170	1473	1571	1632	2031	2060	2120	2786	2898	3004	3064	3074	3395	3482	3514	3612	4048	4190	4223	4301	4448	4617	4636	4667	4679	4728	4789	4799	4833	4855	5019	5777
18	2375	367	4204
18	2376	372	379
18	158	374	1013	4437	6053	6070
18	2377	377	1010	1955
18	2378	378	1016	1695	1959	2223	3622	3647	6072	6074
18	1496	382	555	1335	2263	2605	2640	2696	2896	3041	3283	4601	4851	5032	5886	5930	6152	6282
18	2379	387	6243
18	2380	389
18	2381	392
18	2382	396
18	2383	402	597	986	1008	1342	1509	1551	2272	2285	5491	5934
18	2384	403	4443
18	2385	406	1603
18	1445	411	604	1156	1244	1314	2208	2307	2507	3662	4193	4432	5110	5246	5396	5489	5591	5635	5645
18	182	418	3483	4113	4680	5574	5752	6472
18	2386	419	449	466	547
18	2387	420
18	2388	424	654	1339	1456	1493	2075	6331
18	2389	426
18	2390	428	666
18	2391	431	536	914
18	213	433
18	2392	435	511	3448	5211
18	1331	436	2651
18	2393	438	476	519	4447	6344
18	2394	442
18	2395	444
18	2396	445	1608	2875	3059
18	2397	450
18	2398	453
18	2399	455
18	2400	456
18	2401	457
18	2402	459
18	2403	460
18	2404	468	1318	1847	4697	5571
18	2405	471
18	2406	473
18	157	477	1242	1644	2083	3393	4263	5444	5453	5903
18	2407	483	2492	3046	4251
18	2408	486	500	1384	1491	1606	2073	2079	2154
18	2409	487	532	2205	2322	2730	5362	5385	5394
18	433	488	541	6469
18	1275	490
18	2410	494
18	2411	496	1515	4257
18	2412	498	992	1004	5378
18	2413	503
18	2414	507
18	2415	514	4043	4882	5332
18	2416	517
18	2417	521	1323	2739	3374
18	357	528	660	1500
18	2418	535	2470
18	2419	537	1502
18	2420	540
18	488	542
18	2421	549	1600	6073
18	2422	558	2466
18	2423	563	3002
18	2424	565	4327	4360	4393	4805	4860	5207
18	719	569
18	2425	577
18	1095	580	3458	3772	3832	4840	5459	5508
18	250	607	3542
18	2426	609
18	138	610	684	1575	2216	2562	3997	4746	4916	5099	5291
18	1429	630	4317	5239
18	2427	632	635	926	996	1024	2029	2114	2820	3207	3454	3865	3909	4021	4063	4236	4458	4465	4762	4778	5017	5407	5692	5769
18	2428	640
18	2429	650	1547	1572	3051
18	687	665
18	2430	667
18	2431	676	5794
18	2432	695	4541	6407
18	19	704
18	2433	705
18	2434	706
18	2435	710	2907	5675
18	810	711	2685	4371	4502
18	285	712
18	164	714	769	965	1039	1056	1206	1265	1437	1531	1578	1656	1776	1830	1862	2007	2042	2123	2164	2225	2239	2329	2362	2472	2510	2564	2699	2762	2834	2953	3096	3179	3249	3292	3400	3593	3746	3764	3810	4005	4080	4154	4397	4571	4749	4953	5121	5143	5171	5295	5415	5521	5657	5717	5755	5867	5879	6028	6210	6387
18	385	718	5184
18	751	719
18	1005	720	2131	2156	2852	2860	4279	4755	5547	6046
18	2436	721	729
18	2437	723
18	2438	724
18	2439	725
18	2440	727
18	2441	731
18	2442	733
18	2443	736	2610	3637
18	2444	738
18	2445	741
18	2446	743	1378	3561	6140
18	38	744
18	300	745
18	2447	747
18	2448	748	6110
18	27	749
18	2449	751	6354	6361
18	212	752
18	2450	754
18	2451	755
18	1408	757	1159	1290	3026
18	2452	758
18	2453	759
18	2454	761
18	2455	762	3423	6099
18	147	765
18	877	768
18	2456	771	967	1041	1058
18	605	772	968	1268	1440	1534	1581	1659	1865	2010	2126	2167	2242	2567	2702	2837	3252	3295	3403	3985	4083	4157	4196	4400	4752	4956	5146	5174	5418	5524	5660	5720	5870	5882	6031
18	388	773	969	1043	1060	1210	1269	1441	1535	1582	1660	1780	1834	1866	2011	2046	2127	2168	2229	2243	2333	2366	2476	2514	2568	2703	2766	2838	2957	3100	3253	3296	3404	3597	3750	4009	4084	4158	4401	4575	4753	4957	5125	5147	5175	5299	5419	5525	5661	5721	5759	5871	5883	6032	6115
18	2457	776	2620
18	626	795	2118	5225
18	2458	799	4384	5042
18	129	801
18	2459	814	4630	4783
18	2460	819
18	2461	844
18	358	851
18	2462	854
18	2463	856
18	2464	867
18	2465	875
18	209	876	1131	3566
18	2466	879	2684
18	2259	880	890	1316
18	1007	882	1402
18	2467	899
18	345	901	907	3586
18	26	911	2428	4949
18	2468	917
18	2469	921	4065
18	194	922	1046	6364
18	2470	924
18	880	927	940
18	2471	931
18	495	937
18	2472	939
18	641	942	1377	2039	2416	3560	4568
18	2473	952	4540
18	2474	954	6241
18	381	956	1155	3557	3696	4469	4544
18	205	960	2864	3282	5445
18	2475	961
18	2476	963	2238
18	2477	964
18	2478	973
18	2479	975
18	2480	978
18	2481	980
18	2482	984
18	2483	985	1006	5077
18	2484	988
18	1431	1005
18	623	1012
18	1350	1020	4309	4557
18	2485	1021
18	950	1026	1692	2022	2975	3256	4072	4187	5338	5589
18	888	1028	1356
18	2486	1034
18	2487	1035	5639	5640
18	2488	1037
18	2489	1038
18	2490	1045	3719	5546	6045
18	2491	1047
18	2492	1053	1204
18	2493	1054
18	2494	1055
18	2495	1061	1119	1766	3101	3297	3744	3999	4087	4161	4576	4958	5422	5663
18	2496	1062	1767	3745	4000	5302	5423
18	2497	1066
18	417	1068
18	2498	1071	1271	1279	1666	2706	2841
18	2499	1073	1218	3846	5050
18	214	1074	2341	5365	5400
18	2500	1075	1142	1622	2339	3013	4868	5441	5733
18	2501	1076	1697	5452	5593
18	2502	1082	1453	2274	4414	4806	5350
18	956	1085	1186
18	2503	1086	2066	5479
18	881	1088	1222	2014	2140	2737	3682
18	1291	1091	2064	5475
18	2504	1092	2065	5476
18	2505	1093
18	2506	1096	2371
18	2507	1101
18	2508	1105	1442	3728	5861	6011
18	2509	1110
18	946	1111	1151	1165	1881	2005	2624	2979	3322	3377	3415	3705	3806	3967	5855	6018	6107	6206	6403
18	2510	1113
18	2511	1114
18	1282	1115
18	2512	1117
18	2513	1118	1217	1240	3845	3861	5713
18	817	1121	1857	5848
18	439	1127	1602	2152	2421	2905	3258	3389	3429	3969	4683	4883	6075
18	2514	1129
18	2515	1135	1365	1398	1435	1460	1540	1702	2792	2797	2911	3141	3261	3604	3665	3801	3862	3875	4027	4710	4886	5215	5272	5344	5582	5638	5705	6091	6435	6440	6442
18	1306	1138	1527	1720	1760	2237	2583	4034	4506	4514	4622	4980	5274	5279	5288	6023	6078	6082
18	384	1145	1243	1410	1554	2442	2557	3161	3679	4015	4198	4254	5137
18	1152	1147
18	2516	1158
18	2517	1160
18	379	1167	1746	1764	1967	2458	3020	4131	5253	5623
18	302	1176
18	2518	1180
18	67	1181	1970	3900
18	1299	1184	4344
18	2519	1185
18	2520	1188
18	2521	1190
18	2522	1196	1650	4074	5102	5129	5151
18	1157	1197	1651	5103	5130	5152
18	2523	1199
18	2524	1200
18	1193	1205
18	1380	1208	1267	1439	1533	2241	2331
18	693	1225	1226	6006
18	2525	1227	3724
18	190	1228	3725
18	2526	1231	3355
18	2527	1232
18	5	1234	4820
18	2528	1237
18	2529	1246
18	2530	1249
18	2139	1250
18	816	1254
18	2531	1262	1521	5811
18	2532	1263
18	2533	1264
18	2534	1275	3129	4096	4215	4524	6106
18	2535	1277	1394
18	2254	1282	1793	3246	4797	5345
18	2536	1284
18	2537	1285
18	2538	1291
18	2539	1300
18	2252	1305
18	2540	1307	2676	5198
18	2541	1315
18	2542	1319	1478	3220
18	1125	1322
18	673	1329	1406
18	1320	1334	1338	1358
18	2543	1345	6062
18	2544	1352
18	481	1366	1373	1432	4051	4238	4487	4692	6089	6103
18	2545	1369
18	2546	1372	2545	5736
18	265	83	687	818	1153	1193	1202	1359	1376	1522	1817	1859	1901	2174	2325	2608	2808	2935	3072	3301	3559	3645	4030	4054	4424	4928
18	2547	1379
18	530	1383
18	151	1387
18	2548	1389
18	393	1396
18	2549	1414	4941
18	2550	1416
18	640	1417	1811
18	2551	1419
18	1563	1429
18	2552	1436	1530
18	2553	1449
18	2554	1461
18	372	1464	1726
18	421	1468	2291	2871	4207	5026
18	2555	1477	2450
18	2556	1488
18	2557	1489	3055	4039	4086	4160	4224	5024	5168
18	86	1496	3311
18	2558	1513
18	968	1517	2000
18	2559	1525
18	2560	1529
18	1062	658	829	958	1506	1536	2633	2687	5241	6301
18	318	1544	6113
18	2561	1548	1574
18	2562	1558	2679
18	2563	1561
18	1246	1565	6219
18	855	1569	4534
18	2564	1577
18	912	1580	5145	5659
18	511	1586
18	2565	1588	6255
18	2566	1592	3502
18	333	1595	2248	2319	2388	2431	2927	3172	3674	4436	5098
18	2567	1597
18	2568	1599
18	2569	1605
18	2570	1610
18	2571	1617	3122	3230	4481	5056	5311
18	714	1619	3235	3605	5312
18	2572	1620	4374	5366	5596
18	2573	1625
18	2574	1627	3205	3524
18	2575	1628
18	2576	1629	2498	3164	3289
18	1197	1641	2806
18	2577	1653	3839
18	2578	1655	2471	3390
18	2579	1658	1778	1832	1864	2227	5123	5905
18	296	1662	2288	5013
18	2580	1665	6265
18	975	849	1672	2150	3299	4109	4897
18	1314	1679
18	227	1680	1839	2099	2612	3077	4287	4294	4529	4596	4613	4774	4912
18	399	395	782	813	841	1423	1445	1686	1724	1730	1788	1803	1856	1875	2129	2147	2178	2397	2535	2539	2547	2595	2629	2715	2768	2814	2822	2855	2959	3159	3406	3585	3641	3785	3795	3869	3892	3907	4011	4028	4057	4120	4135	4266	4277	4489	4499	4660	4665	4691	4715	4726	4822	4847	4870	4875	4919	5183	5398	5425	5665	5740	5910
18	2581	1696
18	666	1706	3547	3807
18	2582	1709
18	2583	1715	6432
18	2584	1732	5980
18	988	1741	3903
18	167	1748
18	2585	1750
18	1351	1768
18	2586	1770
18	2587	1775
18	750	1786	5676
18	2588	1816
18	2589	1820
18	2590	1828	2224
18	2591	1829
18	2592	1837	1949	2232	2503	2780	2890	4023	4192	4212	4417	5154	5723
18	535	1844	2646	2946	4961
18	2593	1849
18	811	1854	2574	3206	3384	5781	5808	5874
18	999	1858
18	2594	1861
18	569	1867	5383
18	15	1870
18	761	1873	2196	5601
18	2595	1877	3324	4171	4770	4889
18	2596	1880
18	53	1892
18	2597	1893	2869
18	2598	1894	6230
18	2599	1896	3552
18	2600	1897
18	2601	1899
18	2602	1906
18	1001	1910
18	2603	1911	6326
18	2604	1915
18	2605	1916
18	238	1917
18	2606	1921	2176	6363
18	565	1931	1938
18	2607	1934
18	2608	1935
18	1409	1937
18	338	1939	2171	2257	3628	6084
18	2609	1962
18	359	1972
18	2610	1976	2003	2489	5543
18	2611	1978	2036
18	438	1982	3367
18	730	1984
18	2612	1985
18	2613	1994	6238
18	305	2006	2122
18	346	2009	2044	2166	5523
18	741	2017	2538	5865	6419
18	2614	2020	2430	4446	4548
18	2615	2028
18	2616	2041
18	2617	2054	4453
18	170	2058	2071	4325	4358	5859
18	2618	2068	4862
18	879	2077
18	2619	2087
18	628	2092	3735
18	2620	2094	2110	2185	3118	3194	3225	3409	3538	3599	3661	3842	4089	5305	5402	5765	5889	6013	6035
18	293	2113
18	2621	2125	2364	2836	5417	6030
18	2622	2134	2347	2497	2708	2770	2843	4176	4290	5181
18	2623	2148	3332
18	2624	2163
18	2625	2169
18	1049	2182
18	2626	2190	5360
18	2627	2193
18	2628	2197
18	1269	2198	6142
18	349	2200	2776	4210	4362	4445
18	2629	2210	3351	6050
18	2630	2219
18	2631	2249	2481
18	2632	2255
18	174	2259	3272	4905	5329
18	1430	2262	6065
18	2633	2266
18	2634	2267	3266	5335
18	2635	2270
18	715	2279
18	2636	2282
18	2637	2296	5048
18	2638	2311
18	429	2317
18	2639	2328
18	2640	2334
18	2641	2344
18	1227	2356
18	2642	2361
18	229	2374	2380	3787	4555
18	376	2375
18	1465	2379
18	2643	2382
18	470	2387
18	411	2390	5696
18	2644	2394
18	2645	2398
18	1071	2402	5957
18	1164	2408	5107
18	2646	2412	5648
18	2647	2419
18	2648	2420	3498	5036	5900
18	2649	2436
18	1046	2438	4274
18	149	2439	2923	6300
18	110	2445
18	2650	2464	2832
18	2651	2474	2764	5173	5297
18	2652	2483
18	2653	2491
18	2654	2493
18	2655	2508
18	2656	2512	2566	2701	2955	4573	4751	4955	5432	5443
18	2657	2518
18	2658	2533
18	292	2540	3798
18	2659	2542
18	2660	2549
18	2661	2552
18	2280	2553
18	2662	2563
18	1061	2579	4657	5284
18	460	2581
18	2663	2590	3136
18	2664	2591
18	2665	2618
18	2666	2561	2641
18	2667	2655
18	175	2656
18	241	2663	2666	2731	3199	3470
18	2668	2669
18	867	2670	4356
18	2669	2675
18	1126	2677
18	2670	2680
18	935	2683	5202
18	2671	2692
18	2672	2697	2827
18	2673	2750
18	407	2755
18	2674	2761	6187
18	2675	2784
18	2676	2788	5558
18	2677	2794	6245
18	1456	2800
18	2678	2831
18	2679	2833
18	2680	2848	2984	3309	3714	4272	4935	5727
18	2681	2849	2936
18	101	2862	2922	2945	4634	5072	5966	6086	6129	6169	6172	6297
18	937	2881
18	2682	2885
18	2683	2908
18	676	2913	2924
18	2684	2920
18	2685	2930
18	2686	2952	4569
18	55	2969
18	2687	2972	5412
18	2688	2977	4179	4583
18	255	2978	4180	4584	6037
18	2689	2985	4866	5057	5472	5487
18	2690	2988
18	2691	2991
18	2692	2992	4648	5837
18	171	2996
18	2262	3009	5964	6059	6067
18	2693	3010	5269	5346	5702
18	441	3027
18	2694	3031
18	455	3034
18	2695	3036	6143
18	2696	3038	3335
18	2697	3057
18	2698	3069	4702
18	2699	3070	4703
18	2700	3089
18	396	3094	3247	3399	4079	4951
18	2701	3095	3248
18	2702	3103	3901
18	370	3106	3955	3971
18	2703	3110
18	2704	3125
18	2705	3131	3264	3431	4095	4211	4246	4522	5070	5323	5333	6049
18	1142	3139	3858	3986	4026
18	2706	3140
18	2707	9	1000	1512	2635	2664	2735	3142	6414	6438	6457
18	2708	3143
18	2709	3144
18	2710	3148
18	2711	3151
18	81	3157
18	607	3165	3760	5838	5936
18	898	3167
18	2712	3171
18	1139	3176	5926
18	132	3182	3942
18	2713	3184
18	519	3191
18	2714	3201
18	2715	3211
18	2716	3213
18	2717	3215
18	2718	3219
18	2719	3222	3236
18	2720	3238
18	364	3241
18	2721	3242	6377
18	2722	3274	3525	3789	3813	3866	3879	4350	4826	4901	5706
18	2723	3277
18	2273	3287
18	2724	3288
18	2725	3290
18	2142	3291
18	2726	3319	3357	5435
18	400	3329	4586	5306
18	2727	2878	3337	3920	4349	5178	5320	5829	6016
18	2728	3343	5189	6212
18	2729	3350
18	1263	3359
18	2730	3379
18	2731	3381
18	2732	3388
18	1327	3391	4649
18	2733	3397
18	378	3398	4616	4730	6022
18	764	3410	3554	4090
18	2734	3425
18	1136	3439	3799	3852	3878	3890	4244
18	286	3442
18	2735	3449
18	491	3456	5456
18	2736	3469	6149
18	1010	803	864	1948	3476	4234	4720	5785
18	2737	3478
18	2738	3500
18	2739	3505
18	2740	3508
18	2741	3520
18	638	3528	6389
18	993	3529
18	749	3531	3577
18	1448	3532	3578
18	2742	3543
18	2743	3544
18	1229	3562	6141
18	1248	3567
18	779	3570
18	2744	3574
18	2745	3579
18	2746	3582	4118	5563
18	2747	3591
18	2748	3592	5754
18	2749	3620
18	2750	3624
18	2751	3626	4440
18	2752	3630
18	2753	3635
18	2754	3642
18	136	3650	6118	6120
18	406	3653	4706	5327	5959	6095
18	1482	3656	3692
18	2755	3659	5244
18	2756	3677
18	2757	3678
18	418	3681
18	210	3690
18	2758	3694	5802
18	2759	3709
18	2760	3731
18	2761	3739
18	128	3740
18	1166	3741
18	2762	3753
18	12	3755	3836	5060
18	2763	3759
18	2764	3769
18	2765	3777	5911	5917
18	2766	3780
18	563	3792	4558	5519	5832
18	2767	3803	6467
18	2768	3804	5220
18	754	3812
18	254	3814
18	2769	3815	3895
18	2770	3827	5503
18	2771	3828	5504
18	2772	3830	4848	4872	5506
18	2773	3847	6130	6173
18	1340	3854	5238
18	141	3855	3873	3905	3913	4580	4993
18	695	3871	3939	5213
18	1213	3883	5515	5772
18	54	3894	4825	6209
18	2774	3898	3993
18	275	3914	4237
18	390	3915
18	696	3916
18	655	3917
18	2775	3918	4908
18	2776	3922
18	1187	3924	6425
18	93	3925	6144
18	2777	3926
18	191	3929
18	2778	3934
18	288	3938	6123
18	2779	3940
18	142	3944	6119
18	658	3946
18	156	3948
18	386	3950
18	2780	3952
18	2781	3959	5358
18	765	3963	3968	3979
18	394	3964	3980
18	448	3970
18	674	3975
18	2782	3981
18	2783	3983
18	1370	3989	6159	6162	6166	6170
18	2784	3994
18	1060	3995	6459
18	2785	3996
18	2786	4004
18	507	4025	4376
18	502	4041
18	2787	4047
18	2788	4050	6294
18	2789	4078
18	2790	4099
18	654	4100
18	785	4111	4315	4347	4599	4971
18	2791	4115
18	2792	4121
18	2793	4122
18	2794	4124
18	2795	4134
18	2796	4137
18	2797	4142
18	2798	4143
18	2799	4144
18	2800	4145
18	2801	4146
18	159	4148
18	1175	4149
18	2802	4150
18	2803	4151
18	2804	4152
18	2805	4153	5170	5293	6199
18	1109	4165
18	2806	4167
18	2807	4169
18	2808	4182
18	1206	4185	4510
18	2809	4201
18	1182	4213	4249
18	2810	4217	4699
18	2811	4225
18	107	4227	4844
18	200	4229
18	2812	4232	5554	5606
18	2813	4248
18	2089	4258
18	2814	4268
18	2815	4269
18	140	4282	5686
18	2816	4293	5899
18	120	4303
18	2817	4312
18	1447	4313	4340	4644
18	2818	4319
18	1372	4329
18	1468	4339
18	344	4343	4729
18	554	4354
18	52	4366	5073
18	2819	4382	5597
18	2820	4388
18	1312	4390
18	2821	4391
18	723	4395
18	2822	4396
18	1211	4420	5315	5356	5482	5552	5604
18	2823	4427
18	316	4459
18	499	4464
18	2824	4491
18	2825	4492
18	1226	4509
18	84	4519
18	2826	4526	5817
18	2827	4467	4542	5555	5607	5800
18	725	4546
18	2828	4551	5064	5512
18	2829	4570
18	503	4592	6341
18	2092	4602
18	2830	4603
18	2831	4615
18	2832	4628
18	2833	4639
18	478	4659
18	1233	4687
18	2834	4716
18	2835	4738
18	631	4745
18	2836	4748
18	982	4754
18	2837	4767	5431
18	2838	4791
18	964	4810
18	2839	4899
18	2840	4911
18	1170	4926	4944	5115	5630
18	2841	4930
18	2842	4932	6061
18	2266	4938
18	672	1738	4940	4950	5118	5997	6165	6168
18	1107	4965
18	2843	4969
18	2844	4974
18	2845	4983
18	155	4989
18	2846	4991
18	2847	4996	5040
18	115	4999	5369
18	2848	5001
18	2849	5007
18	56	5009	6455
18	2850	5030	6225
18	1066	5045	5798
18	2851	5078
18	2852	5089
18	2853	5104
18	2854	5119	6203
18	977	5131
18	2855	5139
18	2856	5142
18	2857	5156
18	2858	5159
18	2859	5164
18	2860	5176
18	2861	5191
18	2862	5199
18	2863	5219
18	2864	5228
18	2865	5249
18	2866	5250	5556	5608
18	2867	5267
18	2140	5294	5413
18	2868	5300	5662
18	2869	5321
18	2870	5337
18	2871	5371
18	2872	5376	5387
18	2873	5382
18	2874	5393
18	2875	5404
18	2876	5414
18	206	5446
18	2877	5454
18	360	5462
18	2878	5478
18	2879	5485	6057
18	2880	5498
18	2881	5517
18	2882	5520
18	1289	5562
18	2883	5567
18	2884	5595
18	2885	5598
18	2886	5602
18	2887	5610
18	2888	5612
18	2889	5617
18	2890	5619
18	2891	5626	5992
18	2892	5629
18	2893	5649	6352
18	2894	5656
18	1024	5701	5938
18	2895	5715
18	2896	5716
18	2897	5743
18	2898	5747
18	2899	123	131	142	326	415	434	454	522	544	631	800	994	1259	1333	1343	1713	1751	1871	1927	2018	2142	2194	2245	2271	2275	2280	2318	2429	2437	2482	2647	2714	2733	2740	2895	2914	2925	3049	3091	3168	3342	3375	3474	3530	3565	3569	3572	3587	3589	3691	3831	3876	4076	4183	4318	4337	4367	4375	4389	4581	4614	4626	4718	4811	4859	5043	5079	5095	5116	5188	5391	5447	5507	5541	5544	5599	5689	5762	5767	5783	5812	5835	5863	5952	5962	6000	6213	6311	6342	6375	6386	6456
18	2900	5782
18	1151	5789
18	2901	5792
18	260	5805
18	2902	5815
18	2903	5819
18	974	5825
18	2904	5866
18	2905	5875
18	1231	5877
18	2906	5902	6002
18	1192	5921
18	2907	5923
18	2908	5954
18	756	5961
18	2909	5968
18	970	5971
18	160	5976
18	2910	5984
18	2911	5988
18	2912	5999
18	343	6020
18	2913	6027
18	2914	6040
18	2915	1350	6044	6112
18	2916	6048
18	489	6055
18	2917	6056
18	2918	6060
18	2919	6064
18	2920	6102
18	387	6116
18	2921	6124
18	1353	6127
18	1488	6128
18	1300	6131	6174
18	2922	6134	6136
18	2923	6135
18	2924	6137
18	2925	6138	6146
18	1043	6139	6147
18	2926	6145
18	2927	6148
18	2928	6150
18	166	6157
18	363	6176
18	2929	6177
18	2930	6178
18	2141	6181
18	2931	6182
18	2932	6183	6195
18	2933	6184
18	2934	6185
18	2935	6186
18	2936	6188
18	2937	6189
18	2938	6190
18	2939	6191
18	2940	6192
18	2941	6193
18	2942	6194
18	2943	6196
18	2944	6197
18	2945	6198
18	2946	6200
18	2947	6201
18	2948	6202
18	2949	6204
18	2950	6205
18	2951	6207
18	2952	6214
18	794	6215
18	795	6216
18	1453	6220
18	1254	6221
18	2953	6222
18	2954	6223
18	2955	6224
18	2956	6229
18	2957	6231	6269
18	203	6233
18	2958	1362	6235	6237
18	2959	6239
18	2960	6240
18	89	6246
18	2961	6250
18	2962	6251
18	2963	6256
18	2964	6266
18	2965	6267
18	2966	6271
18	2967	6274
18	59	6275
18	2256	6276
18	2968	6277
18	2969	6279
18	2970	6286
18	2971	6292
18	2972	6293
18	2973	6303
18	2974	6307
18	226	6310
18	2975	6314
18	2976	6316
18	2977	6324
18	2978	6325
18	2979	6332	6348
18	2980	6333
18	2981	6337
18	2982	6343
18	2983	6346
18	1273	6347
18	2984	6356
18	2288	6365
18	2985	6368
18	2986	6370
18	665	6374
18	2987	6376
18	2988	6378
18	2989	6379
18	2990	6380
18	2991	6381
18	2992	6382
18	2993	6383
18	2994	6384
18	2995	6388
18	2996	6390
18	2997	6391
18	2998	6392
18	2999	6393
18	3000	6394
18	3001	6395
18	3002	6396
18	3003	6397
18	3004	6401
18	3005	6402
18	3006	6405
18	3007	6406
18	496	6421
18	3008	6429
18	1484	6437
18	133	6441	6463
18	352	6444
18	3009	6449
18	2253	6450
18	634	6451
18	287	6452
18	3010	6453
18	180	6460
18	130	6465
18	131	6466
18	3011	6468
18	3012	6470
18	3013	6471
18	183	6473
18	3014	6474
